RTT
0.0646785
0.0653236
0.0653269
0.0653301
0.0653334
0.0653364
0.0653393
0.065342
0.0653453
0.0653484
0.0653525
0.0658746
0.0658875
0.0666166
0.0666197
0.0666228
0.0666255
0.0666295
0.0672326
0.0672357
0.0672388
0.0672415
0.0672446
0.0672615
0.0680177
0.0680207
0.0680235
0.0680266
0.0680306
0.0693867
0.06939
0.0693932
0.0693998
0.0729892
0.0729922
0.0729953
0.0729993
0.0730024
0.0730055
0.073018
0.0736032
0.0736059
0.0736087
0.0736115
0.0736145
0.0736321
0.0746191
0.0746321
0.0752443
0.0752478
0.0752572
0.00427834
0.00764956
0.013525
0.013726
0.0160973
0.0167093
0.0169644
0.0171114
0.0173034
0.0175044
0.0027552
0.00663158
0.0068146
0.00707861
0.00733362
0.00749863
0.00795767
0.00823068
0.00843169
0.0086327
0.00514435
0.00539936
0.00789257
0.00821564
0.00857071
0.00876273
0.00897275
0.00920076
0.00937477
0.00965678
0.00558852
0.00575353
0.00623655
0.00640156
0.00698661
0.00722362
0.00748762
0.00870567
0.00893368
0.00947371
0.00661352
0.00681454
0.00724855
0.00786063
0.00814264
0.00856266
0.00897368
0.00914769
0.0100868
0.0108638
0.00607464
0.00670067
0.00697369
0.0072197
0.00737571
0.0085418
0.00872482
0.00900684
0.00954385
0.00973586
0.00493854
0.00598456
0.00758267
0.00773868
0.00797568
0.0084797
0.00866271
0.00889972
0.00910974
0.00927476
0.00320424
0.00769171
0.00784772
0.00801273
0.0083968
0.0091019
0.00929391
0.00955793
0.00975894
0.00999595
0.00626949
0.00647051
0.00679453
0.00799169
0.0081567
0.00833971
0.00854972
0.00880474
0.00897876
0.00956378
0.00584947
0.00606848
0.0062785
0.00759263
0.00777564
0.00803065
0.00870568
0.00887969
0.00933873
0.00955774
1.01108
1.0126
1.01346
1.01455
0.00570347
0.00605648
0.00666449
0.00719553
0.00742354
0.00783755
0.00896964
0.00912566
0.00967473
0.0110098
0.00200515
0.00469639
0.0048524
0.00535642
0.00590547
0.00720458
0.00800863
0.00829064
0.00885767
0.00909469
0.0069626
0.00719961
0.00746362
0.00771863
0.00797364
0.00825565
0.00851066
0.00867567
0.00888569
0.00912271
0.00339806
0.00570826
0.00681235
0.00796039
0.0085094
0.00911242
0.00935844
0.00990753
0.0101085
0.0103366
0.00678133
0.00695534
0.00771043
0.00798344
0.00869951
0.00961461
0.00986062
0.0101246
0.0103346
0.0105987
0.00123379
0.00451707
0.00580119
0.00629221
0.00689527
0.00887351
0.00902052
0.00921253
0.00944054
0.00964155
0.00474199
0.00509302
0.00663408
0.00729212
0.00867401
0.00892002
0.00918404
0.00934005
0.00984107
0.0101231
0.00553647
0.00606055
0.00752779
0.0077018
0.00836784
0.00855984
0.00872485
0.00939093
0.00965495
0.00983797
0.00253821
0.00596154
0.00703667
0.00755869
0.0077237
0.00787071
0.00806272
0.00833573
0.00913076
0.0104659
0.00100912
0.00648255
0.00695657
0.0072976
0.00764561
0.00797864
0.00818865
0.00833567
0.00877668
0.0090497
0.00513848
0.00630454
0.00667056
0.00753658
0.00802261
0.00879372
0.00903973
0.00953988
0.00977689
0.0099419
0.00310533
0.00784165
0.00802466
0.00818967
0.00841769
0.0086097
0.00883771
0.00899372
0.00915872
0.00941374
0.00443141
0.00472643
0.00614249
0.0064995
0.00841571
0.00869773
0.00890774
0.00915375
0.00934576
0.00956477
0.0052984
0.00549942
0.00576343
0.0071616
0.00755461
0.00771962
0.00811263
0.00832265
0.00928277
0.00947478
0.000811068
0.00567153
0.00587254
0.00726465
0.00793869
0.00827776
0.00847877
0.00863478
0.0087998
0.00908181
0.00521844
0.00619453
0.00640455
0.00656056
0.00680657
0.00697158
0.00812872
0.00854874
0.00870475
0.0096968
0.00627159
0.00672167
0.00714169
0.0074147
0.00766071
0.00783472
0.00805373
0.00862976
0.00946282
0.00966384
0.0051625
0.00557658
0.0059426
0.00609862
0.00651864
0.00713067
0.00738568
0.00774269
0.00910375
0.00925076
0.00532953
0.00619057
0.00664258
0.00684359
0.0071166
0.0076406
0.00787761
0.00806063
0.00831564
0.00889169
0.00316925
0.00776868
0.0080147
0.00857273
0.00882774
0.00898375
0.00925676
0.00943078
0.00970379
0.00990481
0.0016581
0.00523336
0.00558138
0.00726462
0.00769864
0.00784565
0.00803766
0.00840367
0.00866769
0.0088957
0.000973107
0.00738064
0.00752765
0.00773766
0.00799267
0.00817569
0.00855971
0.00876072
0.00943576
0.0103298
0.00621146
0.00679048
0.00790857
0.00816358
0.0083286
0.00851162
0.00915065
0.00933366
0.00982868
0.0099757
0.00583064
0.00651173
0.00744085
0.00758786
0.00781587
0.00827188
0.00841889
0.0086289
0.00882991
0.00897693
0.00598548
0.00613249
0.0064145
0.00664251
0.00712153
0.00726854
0.00741555
0.00768856
0.00797057
0.00853766
0.00262521
0.00635258
0.00659859
0.0068446
0.00703661
0.00809463
0.00830465
0.00846066
0.00862568
0.0087817
0.00584271
0.00649072
0.00670074
0.00689276
0.00748277
0.00765678
0.00790279
0.00845182
0.0088449
0.00937297
0.00628357
0.00655659
0.0069136
0.00783361
0.00804362
0.0086377
0.00890172
0.00910273
0.00959777
0.00977178
0.00447235
0.00580143
0.00723556
0.00743657
0.00788859
0.0083566
0.00850361
0.00872262
0.0092717
0.00949971
0.00306624
0.00703452
0.00854461
0.00877262
0.00899163
0.00915665
0.00936666
0.00963067
0.00989468
0.0100507
0.00564145
0.00736754
0.00754155
0.00772456
0.00793457
0.00809958
0.0083096
0.00845661
0.00861263
0.0106677
0.0054716
0.00564561
0.00590962
0.00609264
0.00655765
0.00786174
0.00846975
0.00870676
0.00889877
0.00942985
0.00611555
0.0079766
0.00812361
0.00832463
0.00873864
0.00897565
0.00914965
0.00929667
0.00948868
0.0096357
0.00363745
0.00459754
0.00513758
0.00644868
0.00778878
0.00794479
0.00879081
0.00898282
0.00935183
0.00984884
0.00632259
0.0075967
0.00781571
0.00798072
0.00812773
0.00867681
0.00885983
0.00914184
0.00941485
0.00957086
0.00489335
0.00795554
0.00848855
0.00864457
0.00880958
0.00909159
0.0092746
0.00950261
0.00972162
0.00986863
0.00566544
0.00600747
0.00624448
0.0072105
0.00864959
0.0088866
0.00909662
0.00932463
0.00959764
0.00985266
0.00529442
0.00555843
0.00650052
0.00674654
0.00736758
0.00762259
0.00860069
0.0088017
0.00902072
0.00918574
0.00549442
0.00564144
0.00590545
0.00736761
0.00763162
0.00791363
0.00864571
0.00913773
0.00932074
0.00955775
0.00713848
0.0073035
0.00748651
0.00803853
0.00819454
0.00839555
0.00858757
0.0089286
0.00934262
0.00948963
0.00550148
0.00574749
0.00601151
0.00630553
0.00652454
0.00673454
0.00696255
0.00834265
0.00884667
0.00900268
0.0026992
0.0065606
0.00671661
0.00731364
0.00755966
0.00784167
0.00806068
0.00832469
0.0085437
0.00869972
0.00615459
0.0063916
0.00704268
0.0071897
0.00797575
0.00823077
0.00837778
0.00862379
0.0090918
0.00942681
0.00124713
0.00559347
0.0063585
0.00738658
0.00757859
0.0078426
0.00832868
0.0085567
0.00882071
0.00909372
0.00157314
0.00682948
0.00745053
0.00761554
0.00787055
0.00806256
0.00829957
0.00850958
0.00875559
0.0089746
0.00155411
0.00693953
0.00714954
0.00733255
0.00761456
0.00800759
0.0082086
0.00841861
0.00863762
0.00885664
0.00612337
0.00638738
0.00694546
0.00875158
0.00890759
0.00908161
0.00925562
0.00942964
0.00971165
0.00989467
0.00135877
0.0060251
0.00710122
0.00768224
0.00789225
0.00809325
0.00824027
0.00852228
0.0087593
0.00933533
0.00184749
0.00658186
0.00848913
0.00873514
0.00911315
0.00932316
0.00956018
0.00979719
0.0100072
0.0102892
0.00162632
0.00626368
0.00641969
0.0066927
0.00730473
0.00896694
0.0100741
0.0103382
0.0105662
0.0107672
0.00179932
0.00593069
0.0061317
0.00628771
0.00648872
0.0070918
0.00751682
0.00782884
0.00808385
0.00874993
0.00471943
0.00565248
0.0060455
0.00688558
0.00705959
0.0073056
0.00774361
0.00799862
0.00838266
0.0088027
0.000669048
0.00707555
0.00729456
0.00745058
0.00763359
0.00787061
0.00802663
0.00820964
0.00838365
0.00856665
0.00445441
0.00501243
0.00617559
0.00653562
0.00674564
0.00757267
0.00771969
0.0080017
0.00820271
0.00837672
0.00709941
0.00765346
0.00789047
0.00838555
0.00864956
0.00887758
0.00908759
0.00929761
0.00956162
0.00972664
0.00592968
0.0061937
0.00711078
0.00794781
0.00817582
0.00842183
0.00859584
0.00887786
0.00908788
0.00957989
0.00591361
0.00644469
0.00684671
0.00750873
0.00769174
0.00809376
0.00824978
0.00852278
0.0087868
0.00986285
0.00521855
0.00586561
0.00650464
0.00667865
0.00801569
0.0085647
0.00883771
0.00945875
0.00961477
0.00976179
0.00752865
0.00772067
0.00793968
0.00812269
0.00876172
0.00897173
0.00915475
0.00960483
0.00977884
0.00992586
0.00510737
0.00528138
0.00621441
0.00704849
0.0073125
0.00748651
0.00815558
0.0083836
0.00878564
0.00893265
0.00465553
0.00577756
0.00641359
0.0070737
0.00731971
0.00852281
0.00878681
0.00906883
0.00922484
0.00939885
0.00684271
0.00702573
0.00724474
0.00816176
0.00841677
0.00859078
0.00884579
0.00910981
0.00964985
0.0101779
0.00262618
0.00733054
0.00774561
0.00795562
0.00820163
0.00838463
0.00861265
0.00883166
0.00908668
0.00925169
0.00314327
0.00359329
0.00620051
0.00753162
0.00787064
0.00811665
0.00886675
0.00906776
0.00977585
0.0102679
0.00558049
0.00708359
0.0074946
0.00772261
0.00791462
0.00812463
0.00828964
0.00851766
0.00868267
0.0094867
0.00593154
0.00615055
0.00711859
0.00779663
0.00837267
0.00851968
0.0086757
0.00924278
0.00941679
0.0096538
0.00650371
0.00744577
0.00847186
0.00870887
0.00895488
0.00919189
0.00935691
0.00955792
0.00981293
0.0100409
0.00602546
0.00619047
0.00646349
0.00665551
0.00722259
0.0073966
0.00778961
0.00800862
0.00816463
0.00841965
0.00748269
0.00807677
0.00828679
0.0085328
0.00869781
0.00893482
0.00916284
0.00937285
0.00958286
0.00973887