RTT
0.214036
0.214039
0.214042
0.214045
0.214048
0.214051
0.214054
0.214057
0.214061
0.214063
0.21407
0.214073
0.214076
0.214079
0.214082
0.214086
0.214089
0.214092
0.214095
0.214098
0.214101
0.214104
0.214107
0.21411
0.214114
0.214117
0.21412
0.214123
0.214126
0.21413
0.214132
0.214135
0.214139
0.214143
0.114146
0.114149
0.114152
0.114156
0.114159
0.114162
0.114165
0.114168
0.114171
0.114174
0.114177
0.11418
0.114183
0.114186
0.114189
0.114192
0.215888
0.215891
0.215894
0.215898
0.215901
0.215904
0.215907
0.21591
0.215912
0.215916
0.215919
0.215922
0.115925
0.115928
0.115931
0.115935
0.115938
0.115941
0.115945
0.115948
0.115951
0.115954
0.115957
0.115965
0.216478
0.216481
0.216484
0.216487
0.21649
0.216493
0.216496
0.216502
0.116505
0.116511
0.116514
0.116517
0.11652
0.116523
0.116526
0.116539
0.217188
0.217191
0.217194
0.217197
0.2172
0.217203
0.217206
0.117209
0.117212
0.117215
0.117218
0.117221
0.217226
0.117231
0.117234
0.217237
0.11724
0.117248
0.217879
0.217882
0.217885
0.117888
0.117891
0.117907
0.220864
0.220868
0.220872
0.220876
0.220879
0.220882
0.220884
0.220887
0.120891
0.120894
0.120898
0.120901
0.120903
0.120906
0.120909
0.220912
0.120915
0.120919
0.220923
0.120927
0.220931
0.120941
0.226926
0.226928
0.226932
0.226935
0.226938
0.126942
0.126945
0.126948
0.126951
0.126955
0.226959
0.126961
0.226964
0.12697
0.227709
0.227712
0.227715
0.227718
0.227721
0.227723
0.227726
0.22773
0.227733
0.227736
0.127739
0.127742
0.127745
0.127748
0.127752
0.127756
0.12776
0.127762
0.127766
0.127768
0.227771
0.127774
0.227778
0.127785
0.228334
0.228337
0.228339
0.228342
0.228346
0.22835
0.228353
0.228357
0.228359
0.228363
0.228366
0.228369
0.128372
0.128375
0.128379
0.128382
0.128386
0.228389
0.128392
0.228394
0.128397
0.2284
0.228403
0.228411
0.229059
0.229061
0.229065
0.229068
0.229088
0.229776
0.22978
0.229783
0.229786
0.229801
0.23044
0.230443
0.130445
0.130453
0.231056
0.131058
0.231061
0.131064
0.231066
0.131069
0.231071
0.131074
0.231077
0.131085
0.231706
0.231719
0.259729
0.159732
0.0597408
0.260043
0.160046
0.0600494
0.0600529
0.0600559
0.060059
0.0600621
0.0600718
0.261304
0.161308
0.26131
0.161317
0.261815
0.161818
0.0618205
0.0618244
0.0618275
0.0618303
0.0618342
0.0618377
0.0618408
0.0618447
0.0618592
0.0802462
0.0802595
0.0806614
0.0806652
0.0806692
0.080672
0.080675
0.0806788
0.0806817
0.080685
0.0806888
0.0806916
0.0806948
0.0806978
0.0807011
0.0807042
0.0807075
0.0807103
0.0807133
0.0807171
0.08072
0.0807233
0.0807261
0.0807289
0.0807319
0.0807351
0.0807384
0.0807415
0.0807445
0.0807476
0.0807504
0.0807532
0.0807561
0.0807695
0.0811057
0.0811089
0.0811119
0.0811159
0.081119
0.081122
0.0811251
0.0811282
0.0811321
0.0811348
0.0811387
0.0811506
0.0813237
0.0813366
0.0816839
0.0816872
0.0816939
0.0816971
0.0817127
0.0818584
0.081861
0.0818636
0.0818663
0.0818717
0.0821435
0.182146
0.0821488
0.182151
0.082154
0.0821567
0.18216
0.0821626
0.182165
0.0821678
0.18217
0.0821731
0.182176
0.082179
0.182182
0.0821849
0.182188
0.0821908
0.182195
0.0821987
0.182202
0.0822046
0.182207
0.0822098
0.182213
0.082216
0.182219
0.0822219
0.182224
0.0822271
0.18223
0.0822333
0.182236
0.0822392
0.182242
0.0822527
0.082823
0.0828264
0.0828295
0.0828508
0.0830548
0.0836748
0.0836776
0.183681
0.0836834
0.0836867
0.18369
0.0836924
0.183696
0.0837038
0.0838778
0.0838805
0.0838844
0.0838875
0.0838914
0.0838953
0.0839059
0.0841428
0.0841549
0.0844177
0.0844209
0.0844259
0.0844309
0.184622
0.184626
0.184629
0.184632
0.184635
0.184638
0.184641
0.184651
0.0848062
0.0848189
0.0850319
0.185301
0.0853038
0.185307
0.0853139
0.0874911
0.0876561
0.00693119
0.0110874
0.016568
0.0179511
0.0188661
0.0197522
0.0208512
0.0241816
0.0248687
0.0251417
0.0252887
0.0255618
0.0258348
0.0260358
0.0263088
0.0264918
0.00141889
0.00477523
0.00514125
0.00615341
0.00634542
0.00852663
0.00873664
0.00894666
0.00921067
0.00936669
0.0096037
0.0101258
0.0106388
0.0108849
0.0111489
0.0114309
0.00762788
0.00839895
0.00861797
0.00900198
0.009275
0.00950302
0.00973103
0.010321
0.0107321
0.0109781
0.0111792
0.0114342
0.0116442
0.0118092
0.0123313
0.0125593
0.00142735
0.00864312
0.00912017
0.00933018
0.00953119
0.0097862
0.00997821
0.0101882
0.0104522
0.0107253
0.0109353
0.0111903
0.0114093
0.0115743
0.0117303
0.0119854
0.00750402
0.00766904
0.00877013
0.00892615
0.00915416
0.00930117
0.00957418
0.0098562
0.0101202
0.0103392
0.0105942
0.0107953
0.0110233
0.0112333
0.0114253
0.0115723
0.000782098
0.00144214
0.00602475
0.00670685
0.00696186
0.00818002
0.00917609
0.0093861
0.00955111
0.0101662
0.0104032
0.0105592
0.0107152
0.0108622
0.0115963
0.0117703
0.00194819
0.00837698
0.00865899
0.008869
0.00944502
0.00963704
0.00980205
0.0103691
0.0105161
0.0106991
0.0108552
0.0110922
0.0113562
0.0116292
0.0118932
0.0120492
0.00707376
0.00725677
0.00746678
0.00767679
0.00852892
0.00878394
0.00894895
0.00911396
0.00938698
0.00960599
0.009879
0.010116
0.010308
0.0104821
0.0106651
0.0108481
1.01275
0.912755
0.812763
1.01453
0.914536
0.814546
1.01472
0.914723
0.814732
1.01514
1.04791
0.947927
1.04891
0.94891
0.84892
1.04921
1.05046
0.950461
0.850471
0.00152156
0.00699322
0.00786332
0.00801033
0.00817535
0.00844837
0.00872139
0.0089134
0.00907841
0.00932442
0.00959744
0.00981645
0.0100445
0.0102725
0.0105005
0.0112055
1.0783
0.978315
0.00744983
0.00795392
0.00820893
0.00839195
0.00860196
0.00884798
0.00908499
0.009241
0.00950501
0.00971503
0.00990704
0.0100541
0.0102641
0.0104201
0.0105941
0.0108671
0.00180213
0.00716283
0.00738184
0.00760985
0.00819489
0.00868097
0.009212
0.00938601
0.00958703
0.00984204
0.00999806
0.0101541
0.0104361
0.0106641
0.0109101
0.0111201
0.00625065
0.00668271
0.00725876
0.00904093
0.00930494
0.00956896
0.00973397
0.00989899
0.010136
0.010337
0.010583
0.010847
0.011066
0.0113031
0.0115221
0.0117861
0.00911587
0.00937988
0.0096169
0.00979091
0.0100729
0.0103099
0.0104659
0.0107479
0.010967
0.011213
0.011459
0.011606
0.011879
0.01208
0.0122991
0.0125091
0.000655051
0.00422131
0.00903697
0.00919299
0.00940301
0.00966702
0.00994004
0.0100871
0.0102971
0.0105251
0.0107531
0.0109811
0.0111911
0.0113651
0.0116471
0.0118122
0.00744586
0.00760187
0.00781189
0.00846898
0.00921008
0.00942009
0.0095851
0.00976811
0.0100051
0.0101791
0.0108632
0.0110552
0.0112472
0.0113942
0.0119343
0.0121623
0.00773691
0.00797392
0.00825593
0.00922502
0.00949803
0.00973504
0.00994505
0.0101371
0.0103651
0.0106201
0.0108751
0.0111391
0.0112952
0.0117542
0.0120362
0.0123092
0.00811595
0.00839796
0.00867098
0.00912101
0.00940303
0.00967604
0.0102701
0.0104801
0.0106991
0.0108551
0.0111101
0.0113021
0.0115572
0.0117402
0.0119142
0.0120882
0.00668667
0.00688769
0.00804082
0.00827784
0.00843386
0.00864388
0.00890789
0.00905491
0.00921092
0.00947493
0.00971194
0.00994895
0.010699
0.010954
0.011191
0.0117671
0.000770061
0.00320826
0.00790774
0.0082678
0.00851381
0.00936093
0.00972695
0.00998196
0.010246
0.010393
0.010639
0.0111971
0.0113981
0.0116801
0.0122021
0.0124392
0.00293524
0.00807194
0.00834495
0.00860895
0.00884597
0.00900198
0.009185
0.00945801
0.00972203
0.00989604
0.0100971
0.0102981
0.0105801
0.0107271
0.0109461
0.0110931
0.00805982
0.00823384
0.00846185
0.00874386
0.00889087
0.00913688
0.00973092
0.00994094
0.010169
0.010343
0.01058
0.010808
0.011081
0.011354
0.0128871
0.0131691
0.0010101
0.00644774
0.00734789
0.00762091
0.00849697
0.00876998
0.00943905
0.00964006
0.00986808
0.0100871
0.0102701
0.0104351
0.0106541
0.0108821
0.0113772
0.0116592
0.00691564
0.00716166
0.00862887
0.00907692
0.00929593
0.00961703
0.00980904
0.0100191
0.0101931
0.0103581
0.0107692
0.0109342
0.0111532
0.0113812
0.0116092
0.0117922
0.00355839
0.007603
0.00792404
0.00814305
0.00838006
0.00865308
0.0088451
0.00945713
0.00965815
0.00981416
0.0103722
0.0105552
0.0107832
0.0109842
0.0111853
0.0117043
0.0024712
0.00692172
0.00707773
0.00800588
0.0082069
0.00838091
0.00879193
0.00900194
0.00920295
0.00947597
0.00974898
0.00998599
0.0106431
0.0108531
0.0114202
0.0116212
0.00326137
0.0039044
0.00766293
0.00873705
0.00904007
0.00927708
0.00948709
0.00985313
0.0100451
0.0102102
0.0104652
0.0107112
0.0115723
0.0117463
0.0120283
0.0121934
0.00128614
0.00755078
0.00807282
0.00835483
0.00851085
0.00872986
0.00898487
0.00914088
0.0093599
0.00960591
0.00976193
0.0108031
0.0109861
0.0112231
0.0114331
0.0116521
0.00547556
0.00803592
0.00829093
0.00844695
0.00862995
0.00880397
0.00895998
0.0100191
0.0101661
0.0106611
0.0109071
0.0111532
0.0113452
0.0115192
0.0116932
0.0118402
0.000758099
0.00616155
0.00797081
0.00811782
0.00850184
0.00877485
0.00939591
0.00963292
0.00987893
0.0100349
0.010218
0.010677
0.010833
0.0114271
0.0116101
0.0118471
0.00543051
0.00685372
0.00854286
0.00880688
0.00907089
0.0092359
0.00960192
0.00987494
0.010139
0.010304
0.010514
0.010661
0.010862
0.011135
0.011318
0.0118581
0.00202631
0.00511567
0.00781115
0.00803017
0.00817718
0.0083602
0.00862422
0.00889723
0.00905324
0.00920025
0.00934726
0.00962928
0.0097943
0.00998632
0.0101333
0.0103433
0.00603168
0.00701684
0.00742292
0.00835603
0.00850304
0.00875806
0.00891407
0.00913308
0.00931609
0.00955311
0.00990114
0.0101832
0.0103662
0.0105492
0.0108612
0.0115573
0.00214716
0.00784015
0.00926227
0.00973931
0.00998532
0.0101863
0.0103424
0.0105794
0.0107714
0.0109454
0.0112274
0.0114464
0.0116834
0.0118305
0.0120315
0.0122145
0.00554438
0.00911595
0.00939796
0.00954498
0.00976399
0.00992
0.0103081
0.0105271
0.0107281
0.0109831
0.0111931
0.0114752
0.0116582
0.0119222
0.0121142
0.0122882
0.000655057
0.00655467
0.00670168
0.00705871
0.00720573
0.00743374
0.00838195
0.00858297
0.00895202
0.00918903
0.00933605
0.00954606
0.00980107
0.00998409
0.0114662
0.0120152
0.00124111
0.00687168
0.0079038
0.00814081
0.00926002
0.00966507
0.00993808
0.0101031
0.0102951
0.0104691
0.0108711
0.0110362
0.0112912
0.0114562
0.0116212
0.0122422
0.00127311
0.00599783
0.00690491
0.00711493
0.00726193
0.00749895
0.00775396
0.00800897
0.00862103
0.00880404
0.00996714
0.0103872
0.0106512
0.0109332
0.0123132
0.0130933
0.000821037
0.00695474
0.00716475
0.00753077
0.00767778
0.00878794
0.00913899
0.00932201
0.00953202
0.00967904
0.00992506
0.0101891
0.0103901
0.0106091
0.0108821
0.0110831
0.00326035
0.00661168
0.00822098
0.00878211
0.00892912
0.00951421
0.0101532
0.0103993
0.0106273
0.0107833
0.0109933
0.0111763
0.0114043
0.0116773
0.0119233
0.0121874
0.0011351
0.0065117
0.00666771
0.00736677
0.00761279
0.00817982
0.00880091
0.00930496
0.00949698
0.00964399
0.009881
0.010046
0.010292
0.010511
0.0107391
0.0109221
0.00292626
0.00541157
0.00655473
0.00677374
0.00745483
0.00763784
0.00791986
0.00898603
0.00925904
0.00946905
0.00965206
0.00980807
0.0103932
0.0105852
0.0107862
0.0110232
0.00427947
0.00928317
0.00943019
0.00963121
0.00980522
0.0100152
0.0102612
0.0104353
0.0106993
0.0109273
0.0110833
0.0117314
0.0118874
0.0120344
0.0122804
0.0125354
0.00129155
0.00541887
0.00864835
0.00885836
0.00990245
0.0101575
0.0104305
0.0106945
0.0108865
0.0111415
0.0112885
0.0115256
0.0117086
0.0119816
0.0121916
0.0153716
0.0062733
0.00748839
0.0076894
0.00784541
0.00811842
0.00868247
0.00887448
0.0091115
0.00926752
0.0102636
0.0104737
0.0111217
0.0113137
0.0115237
0.0117158
0.0118898
0.000819851
0.00623647
0.00755972
0.00857701
0.00885902
0.0099212
0.0100772
0.0103412
0.0105783
0.0108243
0.0110163
0.0111633
0.0113733
0.0115923
0.0117483
0.0119854
0.00261059
0.00580106
0.00638616
0.00677017
0.00692618
0.00743922
0.00808224
0.00832826
0.00869427
0.00894029
0.0092223
0.00984335
0.01095
0.01116
0.0120391
0.0123121
0.0072339
0.00753895
0.00793296
0.00832801
0.00873306
0.00891607
0.00918908
0.00935409
0.00954611
0.00981013
0.00995714
0.0101492
0.0103322
0.0107432
0.0109802
0.0114842
0.00677075
0.00691776
0.00851092
0.00873893
0.00966098
0.009835
0.01
0.010201
0.0104111
0.0106121
0.0107951
0.0110411
0.0112511
0.0114161
0.0116531
0.0125742
0.00533349
0.0071268
0.00730082
0.00754683
0.00941608
0.0095901
0.00987212
0.0100821
0.0102561
0.0104842
0.0106762
0.0109312
0.0111952
0.0113782
0.0116242
0.0118612
0.00243517
0.00595279
0.00647785
0.00662486
0.00745396
0.00785598
0.00863309
0.0089061
0.00907111
0.00929013
0.00965616
0.0102893
0.0104363
0.0105833
0.0108113
0.0111323
0.000779072
0.00624572
0.00662277
0.00773092
0.008587
0.00883302
0.00898904
0.00915405
0.00973911
0.00991312
0.0100781
0.0103332
0.0105882
0.0107802
0.0109542
0.0111642
0.00677681
0.00751883
0.00850588
0.00876989
0.00927191
0.00949992
0.00966494
0.00983895
0.010094
0.01025
0.010505
0.010778
0.0112731
0.0115191
0.0119031
0.0124341
0.00605249
0.00869586
0.0092089
0.00937391
0.00955692
0.00975794
0.0100129
0.010196
0.01037
0.010634
0.010844
0.011126
0.011336
0.011546
0.0117651
0.0119751
0.000775075
0.00312032
0.00544959
0.00751988
0.00766689
0.0080419
0.00841692
0.00859094
0.00895695
0.00913996
0.00943405
0.00981815
0.0103312
0.0107273
0.0109553
0.0111203
0.00817686
0.00844988
0.00866889
0.0089239
0.00915191
0.00937993
0.00966194
0.00981796
0.010037
0.010283
0.010448
0.010631
0.010832
0.0110241
0.0112161
0.0114531
0.00302624
0.00701871
0.00742072
0.00777781
0.00796083
0.00817084
0.00834485
0.00850086
0.00891194
0.00912195
0.00938596
0.00961398
0.00985999
0.010052
0.0106821
0.0109281
0.00636571
0.00757788
0.00778789
0.00823799
0.008439
0.00866701
0.00890402
0.00905104
0.00927005
0.00950706
0.00977107
0.0103111
0.0105481
0.0107311
0.0109232
0.0110882
0.00686276
0.00702777
0.00722879
0.00830904
0.00859105
0.00880107
0.00894808
0.00910409
0.00935011
0.00960512
0.00981513
0.0100251
0.0102442
0.0108382
0.0109852
0.0112492
0.00304041
0.00588277
0.00740392
0.00818997
0.00847198
0.00873599
0.008928
0.00913801
0.00939303
0.00956704
0.00978606
0.00993308
0.0101251
0.0103981
0.0106261
0.0111932
0.0074929
0.00764891
0.00792192
0.00843498
0.008627
0.00896805
0.00915106
0.00934307
0.00975713
0.00995814
0.0101322
0.0103512
0.0105882
0.0107892
0.0110532
0.0112002
0.00462357
0.00502558
0.00730877
0.0078488
0.00804981
0.00820583
0.009671
0.00989902
0.010181
0.010346
0.0105381
0.0107121
0.0109581
0.0111411
0.0114231
0.0115881
0.000796048
0.0062626
0.00647262
0.00666463
0.00749573
0.00774175
0.00801476
0.00928696
0.00953298
0.00978798
0.010052
0.010682
0.010847
0.0111291
0.0113751
0.0115671
0.00208315
0.00713166
0.00872284
0.00893285
0.00911586
0.00936187
0.00961688
0.0102469
0.010484
0.01073
0.010949
0.011204
0.011432
0.011687
0.011933
0.0130431
0.00851905
0.00880106
0.00900208
0.00967714
0.00983315
0.0100432
0.0102712
0.0105442
0.0108082
0.0109732
0.0111922
0.0114022
0.0116843
0.0118673
0.0120413
0.0122153
0.00169613
0.00635569
0.0070428
0.00725281
0.00787385
0.00804786
0.00823987
0.00847689
0.00873191
0.00888793
0.00914294
0.00941595
0.00963496
0.00988997
0.010565
0.010748
0.00123508
0.00764093
0.00838998
0.008537
0.00981812
0.0100731
0.0103552
0.0105112
0.0107482
0.0110032
0.0111862
0.0114592
0.0116512
0.0119063
0.0120893
0.0132623
0.00189719
0.00816388
0.0084189
0.00860191
0.00879392
0.00928902
0.00948104
0.00968205
0.0101591
0.0104321
0.0107141
0.0109781
0.0112601
0.0114702
0.0116622
0.0119172
0.00688574
0.00714976
0.00734177
0.00792682
0.00819983
0.00837384
0.00861985
0.00888386
0.00916587
0.00938489
0.0096399
0.00989492
0.0100959
0.010654
0.010864
0.0110651
0.00366641
0.00662975
0.00689376
0.00716677
0.00735879
0.00895799
0.00917701
0.00974407
0.00996308
0.0101911
0.0104101
0.0105931
0.0108211
0.0113972
0.0116072
0.0118622
0.00475765
0.00549874
0.00704689
0.00738794
0.00853407
0.00878908
0.00896309
0.00932912
0.00950314
0.00967716
0.00984217
0.0100342
0.0104272
0.0106102
0.0108292
0.0110573
0.00669775
0.00692576
0.00834096
0.00850597
0.00903702
0.00931904
0.00954705
0.00972106
0.00986807
0.0100331
0.0102971
0.0107922
0.0110022
0.0111942
0.0113682
0.0116502
0.00774883
0.00789584
0.00811486
0.00833388
0.00856189
0.00883491
0.00901792
0.009732
0.00992401
0.0102541
0.0105271
0.0107731
0.0110551
0.0112381
0.0114301
0.0116672
0.00238317
0.00668064
0.00691766
0.0076618
0.00804885
0.00820486
0.00848688
0.00868789
0.0089519
0.00917092
0.00952794
0.00979195
0.010056
0.01032
0.0108871
0.0120691
0.00626675
0.00677982
0.00704383
0.00719084
0.00734686
0.00875706
0.00892207
0.00906908
0.00960914
0.00987316
0.0101012
0.0103112
0.0104852
0.0107492
0.0113433
0.0115173
0.00800295
0.00823096
0.00844098
0.00871399
0.00891501
0.00913402
0.00941603
0.00967104
0.00982705
0.0100911
0.0103281
0.0105741
0.0107391
0.0110211
0.0112041
0.0114232
0.00728088
0.0074369
0.00770091
0.00792892
0.00816593
0.00887096
0.00915298
0.00934499
0.009564
0.00979202
0.00993903
0.010212
0.0104581
0.0107131
0.0112892
0.0115442
0.0007961
0.00702976
0.00781882
0.00899197
0.00914799
0.009376
0.00959502
0.00981403
0.00996104
0.0101441
0.0103721
0.0106271
0.0108371
0.0110651
0.0112571
0.0114761