RTT
0.188042
0.188045
0.188051
0.188054
0.188057
0.18806
0.188063
0.0880691
0.0880718
0.0880873
0.188717
0.188719
0.188722
0.188724
0.188727
0.188729
0.188733
0.188737
0.188739
0.188741
0.0887437
0.0887624
0.189383
0.189387
0.18939
0.189393
0.189396
0.190144
0.190145
0.190148
0.19015
0.190153
0.190157
0.19016
0.190163
0.190167
0.190171
0.190174
0.190177
0.190178
0.0901815
0.0901843
0.0901873
0.0901912
0.0901929
0.0901968
0.0901995
0.0902026
0.0902043
0.0902074
0.0902113
0.0902144
0.0902204
0.190734
0.190738
0.190741
0.190744
0.190747
0.19075
0.190752
0.190755
0.190758
0.190761
0.190765
0.190768
0.190771
0.190775
0.190778
0.190781
0.190785
0.190789
0.190793
0.190796
0.0907988
0.0908026
0.0908064
0.0908095
0.0908135
0.0908173
0.0908211
0.0908239
0.0908278
0.0908306
0.0908334
0.0908362
0.09084
0.0908429
0.0908457
0.0908486
0.0908521
0.0908584
0.191566
0.19157
0.191572
0.191575
0.191578
0.191581
0.191584
0.191587
0.19159
0.191594
0.1916
0.191603
0.191606
0.19161
0.191614
0.191618
0.19162
0.191623
0.191626
0.191629
0.091632
0.0916348
0.0916376
0.0916409
0.0916439
0.0916467
0.19165
0.0916525
0.191655
0.0916584
0.0916612
0.191664
0.0916674
0.19167
0.0916733
0.191676
0.191679
0.0916822
0.191685
0.091688
0.191691
0.191694
0.0916968
0.1917
0.0917027
0.191706
0.0917086
0.191712
0.191714
0.0917174
0.19172
0.191723
0.0917265
0.191729
0.0917385
0.192517
0.19252
0.192522
0.192526
0.19253
0.192534
0.192538
0.192539
0.0925433
0.0925464
0.0925504
0.0925542
0.0925581
0.0925598
0.0925615
0.0925636
0.193221
0.193224
0.0932271
0.0932336
0.195453
0.195456
0.0954658
0.196867
0.196871
0.0968722
0.0968762
0.196879
0.0968824
0.196897
0.198608
0.198612
0.0986146
0.0986211
0.201849
0.10186
0.202681
0.202687
0.202691
0.202693
0.202697
0.102699
0.102703
0.102709
0.102712
0.102725
0.205451
0.105458
0.205462
0.105466
0.205471
0.105475
0.205479
0.105482
0.205485
0.105493
0.208361
0.108373
0.108619
0.208622
0.108631
0.109138
0.109522
0.120836
0.120838
0.120842
0.120844
0.120848
0.120851
0.0212326
0.121834
0.0229828
0.123153
0.123156
0.123159
0.123166
0.0233515
0.0233549
0.023358
0.0233613
0.0233768
0.0244031
0.0244097
0.0244143
0.0244174
0.0244308
0.0290572
0.129593
0.0296063
0.0298733
0.0300923
0.0302933
0.0304583
0.0306323
0.0308153
0.0309803
0.0311724
0.0314454
0.00696064
0.00763074
0.00780475
0.00819776
0.00859979
0.0087648
0.00901982
0.00939484
0.00964985
0.00982386
0.0100879
0.0127572
0.0133872
0.0144643
0.0146833
0.00366745
0.00591965
0.00632473
0.00685581
0.00772595
0.00787297
0.00839502
0.00896207
0.00919008
0.00940009
0.0095921
0.00987411
0.0100481
0.0103211
0.0104862
0.00405437
0.00754075
0.00775976
0.00881892
0.00904693
0.00922094
0.00945795
0.00973996
0.00995898
0.010196
0.010415
0.010562
0.01079
0.0110091
0.0111921
0.00521355
0.00586061
0.00724169
0.0074607
0.009118
0.00971205
0.00986807
0.0101501
0.0104051
0.0106601
0.0108431
0.0110621
0.0113261
0.0115092
0.0116742
0.00540755
0.00559956
0.00609459
0.00661667
0.00712973
0.00730375
0.00748677
0.00870496
0.00928108
0.00978521
0.0100312
0.0101782
0.0103253
0.0104903
0.0107723
0.00516658
0.00701797
0.00724598
0.0079461
0.00910317
0.00930419
0.0095142
0.00966121
0.00991623
0.0100812
0.0102912
0.0104563
0.0106573
0.0108853
0.0110323
0.00683498
0.00822118
0.00842219
0.00865921
0.00933423
0.00959824
0.0101653
0.0104383
0.0106663
0.0109034
0.0111584
0.0113054
0.0115874
0.0118694
0.0121424
0.00156717
0.00551869
0.00609571
0.00662676
0.00679177
0.00706478
0.00777487
0.00924001
0.00986102
0.0102541
0.0107851
0.0113912
0.0116193
0.0130146
0.0131616
0.917285
1.01892
1.01917
0.919186
0.819204
1.01939
1.0194
0.919684
1.01985
0.919858
1.04877
0.948782
1.04898
0.948985
1.04899
0.948995
0.000975111
0.00640984
0.00732491
0.00769093
0.00832099
0.008576
0.00887907
0.00938508
0.00977315
0.00997417
0.0102022
0.0103762
0.0109703
0.0112433
0.0114803
0.00457947
0.00489148
0.00560551
0.00576152
0.00668563
0.00752879
0.00904703
0.00924804
0.00947606
0.00973107
0.0103252
0.0105892
0.0108442
0.0111172
0.0113632
0.00704778
0.0072578
0.00840996
0.00856597
0.00872198
0.00908806
0.00925307
0.00941809
0.00967311
0.00988312
0.0104691
0.0106612
0.0108172
0.0109642
0.0113572
0.0022544
0.00634193
0.00717607
0.00733208
0.00754209
0.00784511
0.00804613
0.00936028
0.00963329
0.00982531
0.0101073
0.0106223
0.0108234
0.0110964
0.0112704
0.00280758
0.00758039
0.00781741
0.00867147
0.00884548
0.0090645
0.00925652
0.00943954
0.00962255
0.00978756
0.0100606
0.0102076
0.0104716
0.0107176
0.0109816
0.00886123
0.00907124
0.00929026
0.00946426
0.00973728
0.00989329
0.0100403
0.0106974
0.0108624
0.0114205
0.0116845
0.0119215
0.0121405
0.0122875
0.0124795
0.000918655
0.00374199
0.00721037
0.00818552
0.00837753
0.00916256
0.0097727
0.0100187
0.0102017
0.0103757
0.0105768
0.0108228
0.0109788
0.0112608
0.0114078
0.000832903
0.00803572
0.00837779
0.00928693
0.00947894
0.00967096
0.00987197
0.010073
0.010247
0.010475
0.01064
0.0109041
0.011375
0.011621
0.011813
0.00828107
0.00844609
0.0086651
0.00884811
0.00903112
0.00927713
0.00947814
0.00973316
0.00989817
0.0101532
0.0103272
0.0104742
0.0106932
0.0108673
0.0110503
0.00465541
0.00488343
0.00739771
0.00819379
0.0083588
0.00859581
0.00927395
0.01007
0.01049
0.010682
0.0109761
0.0111681
0.0113601
0.0117622
0.0123263
0.00702867
0.00734968
0.00758669
0.0078507
0.00803372
0.00889677
0.00905279
0.0093168
0.00951781
0.00979983
0.0100098
0.0102289
0.0107509
0.0109879
0.014141
0.00541869
0.00625075
0.00648775
0.00708783
0.00755591
0.00860601
0.00883402
0.00900803
0.00942806
0.00959307
0.00977608
0.0100041
0.0102231
0.0104241
0.0109461
0.00669477
0.00741785
0.008625
0.00884402
0.00903603
0.00945605
0.00997607
0.0102131
0.0104771
0.0106331
0.0108071
0.0109631
0.0111641
0.0117402
0.0160363
0.0075648
0.00784681
0.00802983
0.00829384
0.00845885
0.00873186
0.00937994
0.00956295
0.00979997
0.00996498
0.010247
0.010421
0.010577
0.0107241
0.0109251
0.00698776
0.00830486
0.00855987
0.00871588
0.00892589
0.00911791
0.00938193
0.00952894
0.00969395
0.00992197
0.010159
0.010351
0.010525
0.01069
0.010882
0.00127114
0.00783389
0.0079899
0.00821791
0.00849092
0.00870993
0.00896495
0.00911196
0.00926797
0.00945098
0.010036
0.010192
0.010438
0.010702
0.0108671
0.00569581
0.00656585
0.00681186
0.00707587
0.00723189
0.0090541
0.00927311
0.00989721
0.0104103
0.0106023
0.0108213
0.0110223
0.0112054
0.0113704
0.0115264
0.00309727
0.0072279
0.00774997
0.00803199
0.008215
0.00842501
0.00928806
0.00957008
0.0097801
0.00999911
0.0102451
0.0105001
0.0107642
0.0109652
0.0112382
0.00124514
0.00482346
0.0065297
0.00771883
0.00819585
0.00857986
0.00875387
0.00898189
0.0092639
0.00954591
0.00978292
0.0100289
0.0102299
0.010395
0.010944
0.00385742
0.00583166
0.00643467
0.00661768
0.0070197
0.00740371
0.00764072
0.00778773
0.00872083
0.00891285
0.00910487
0.01011
0.010275
0.0105121
0.0107761
0.00294626
0.00709476
0.00770381
0.00789582
0.00817783
0.00862791
0.00878392
0.00902994
0.00920396
0.00957901
0.00974403
0.010017
0.0104101
0.0106561
0.0108391
0.00148714
0.0073889
0.00753591
0.00779093
0.00891005
0.00918306
0.00975011
0.00996013
0.0102061
0.0104702
0.0110732
0.0112742
0.0114662
0.0116132
0.0118322
0.00612776
0.00711486
0.00732487
0.00753488
0.0077719
0.00795491
0.00927206
0.00941908
0.00958409
0.0097401
0.00996812
0.0101421
0.0103342
0.0105082
0.0107902
0.00609279
0.0062398
0.007697
0.00793401
0.00846503
0.00863905
0.00882207
0.00904108
0.00922409
0.00974617
0.00993818
0.0101572
0.0103582
0.0106132
0.0108952
0.000701068
0.00639377
0.00779996
0.00796497
0.00820199
0.00934518
0.00966626
0.00986727
0.0100773
0.0102243
0.0104703
0.0106263
0.0108903
0.0111094
0.0113194
0.00632071
0.00652173
0.00674975
0.00816895
0.00836097
0.00881101
0.00903002
0.00937206
0.00963607
0.00980109
0.00996611
0.0102481
0.0104491
0.0106501
0.0108692
0.0031022
0.00650066
0.00730475
0.00746976
0.00779978
0.00795579
0.00814781
0.00832181
0.00849582
0.00865184
0.00879885
0.00905387
0.00930888
0.00993897
0.010337
0.00110613
0.00614071
0.00777889
0.0079259
0.00807291
0.00868496
0.00886797
0.00911398
0.009387
0.00999006
0.0102091
0.0103921
0.0106021
0.0108751
0.0110941
0.00275424
0.00662462
0.00714668
0.0075307
0.00769571
0.00786972
0.00815173
0.00839774
0.00886576
0.00981691
0.00999092
0.010621
0.01084
0.011068
0.011296
0.00633672
0.00650174
0.00714379
0.00760981
0.00797584
0.00815885
0.00841386
0.00857888
0.00999504
0.0102771
0.0105411
0.0107061
0.0108891
0.0110811
0.0124072
0.00124507
0.00676072
0.00737281
0.00774782
0.00790383
0.00805984
0.00833285
0.00853386
0.00918191
0.00945493
0.00964695
0.00983896
0.010259
0.0109571
0.0111131
0.000967096
0.00715856
0.00735957
0.00841271
0.00862273
0.00877874
0.00906074
0.00929776
0.00944477
0.00965478
0.0098918
0.0104499
0.011107
0.011389
0.011572
0.000807093
0.00597175
0.00825005
0.00851406
0.00867007
0.00888908
0.00909009
0.0093361
0.00957311
0.00977413
0.00996614
0.0105242
0.0109442
0.0110912
0.0117573
0.0037304
0.0070779
0.00735091
0.007963
0.00811902
0.00840103
0.00860205
0.00877606
0.00904007
0.00926808
0.00946909
0.00971511
0.00998813
0.0101981
0.0104172
0.00518659
0.00552561
0.008467
0.00868602
0.00886003
0.00952611
0.00975413
0.00991914
0.0101022
0.0103032
0.0105492
0.0107592
0.0109242
0.0111972
0.0114702
0.00458135
0.0077317
0.00798671
0.00818772
0.00837973
0.00864374
0.00880876
0.00966087
0.00988888
0.0100629
0.0102189
0.0104829
0.0106299
0.010885
0.011158
0.00204417
0.00709773
0.00728974
0.00754476
0.00773677
0.00811179
0.0083128
0.00854982
0.00882282
0.00901483
0.00929685
0.0098459
0.0101279
0.010713
0.010905
0.00325424
0.00667174
0.00801595
0.00881597
0.00902598
0.009182
0.00939201
0.00957502
0.00979404
0.0104871
0.0107061
0.0109161
0.0111711
0.0113992
0.0116002
0.00193919
0.00733393
0.00814205
0.0086911
0.00891912
0.00916513
0.00944714
0.00968415
0.00993916
0.0101672
0.0104222
0.0106952
0.0108872
0.0111242
0.0112713
0.00465351
0.00706087
0.00771198
0.00787699
0.00804201
0.00872607
0.00906711
0.00924112
0.00964616
0.00991918
0.0107443
0.0109363
0.0112003
0.0116023
0.0122144
0.000671049
0.00651772
0.00678173
0.00694674
0.00735776
0.00790685
0.00821887
0.00844688
0.00868389
0.0089209
0.00910392
0.00928693
0.00979101
0.0104121
0.0106131
0.00541665
0.00559066
0.00623575
0.00653876
0.00672178
0.00762084
0.00790286
0.00837992
0.00911893
0.00939194
0.00988702
0.01007
0.0106281
0.0109011
0.0123442
0.00397634
0.0060226
0.00758669
0.00806571
0.00824872
0.00842273
0.00859673
0.00886975
0.00953583
0.00971884
0.00989286
0.0101659
0.0103129
0.0105319
0.012155
0.00109513
0.00482764
0.00779803
0.00815505
0.00841906
0.00859307
0.00923215
0.00944217
0.00972418
0.0099702
0.0105463
0.0111493
0.0112963
0.0114703
0.0125444
0.00172512
0.00774385
0.00789087
0.00813687
0.00836488
0.00860189
0.00884791
0.00912092
0.00929494
0.00954996
0.00972397
0.00997898
0.010243
0.010444
0.010636
0.00494366
0.00575977
0.00644379
0.00832906
0.00861108
0.00886609
0.0102542
0.0104192
0.0106563
0.0109293
0.0110853
0.0113133
0.0115773
0.0117693
0.0119974
0.00145252
0.00771465
0.00787966
0.00814367
0.00829969
0.0085817
0.00924775
0.00946677
0.00965878
0.00985979
0.0100338
0.0101898
0.0103368
0.0105919
0.011261
0.00549547
0.00571448
0.00727165
0.00749966
0.00816872
0.00865477
0.00891879
0.00987894
0.010026
0.010236
0.010812
0.0110941
0.0113401
0.0114961
0.0117421
0.00665989
0.0068069
0.00702591
0.00749892
0.00926016
0.00952417
0.00977018
0.00995319
0.0102082
0.0104902
0.0106462
0.0108023
0.0110843
0.0112583
0.0115133
0.00672392
0.00734498
0.007582
0.00772901
0.00796602
0.00821203
0.00849404
0.00874905
0.00900406
0.00920508
0.00938809
0.0101822
0.0107852
0.0109953
0.0111963
0.00359868
0.00583589
0.00852231
0.00879532
0.00903234
0.00920636
0.00937137
0.00965339
0.00991741
0.0101004
0.0103734
0.0106284
0.0107934
0.0109405
0.0112225
0.00112711
0.00544464
0.00709382
0.00726784
0.00778986
0.00805387
0.00827288
0.00851889
0.00959107
0.0102451
0.0104281
0.0106202
0.0108752
0.0110672
0.0112142
0.00726186
0.00881606
0.00896307
0.00915508
0.00954315
0.00979816
0.0100442
0.0102272
0.0103742
0.0105752
0.0107402
0.0109143
0.0111333
0.0113793
0.0116523
0.00690087
0.00708389
0.00788197
0.00843999
0.008686
0.00893201
0.00916002
0.00937903
0.00958904
0.00979906
0.0100091
0.0102281
0.0104921
0.0107291
0.0108851
0.00796716
0.00817718
0.00836919
0.0086062
0.00884322
0.00912523
0.00937125
0.00951826
0.00978227
0.00997428
0.0102113
0.0104933
0.0107393
0.0109943
0.0111864
0.00630376
0.00648677
0.00705184
0.00831805
0.00855507
0.00881908
0.00905609
0.00925711
0.00948513
0.00974014
0.0103342
0.0106072
0.0107632
0.0110002
0.0112822
0.00157914
0.00451248
0.00710383
0.00744591
0.00759292
0.00953314
0.00991718
0.0101992
0.0104362
0.0109942
0.0111952
0.0114412
0.0116423
0.0118073
0.0120173
0.000685057
0.00793405
0.00837012
0.00861613
0.00888015
0.00907216
0.00930917
0.00956419
0.00976521
0.00993922
0.0101492
0.0104313
0.0106683
0.0109413
0.0111153
0.00292432
0.00527551
0.00576155
0.00602556
0.00726176
0.00750777
0.00778078
0.00806279
0.009701
0.00990202
0.010166
0.010358
0.0106221
0.0108591
0.0111051
0.00132614
0.0079078
0.00808181
0.00872086
0.00891288
0.00918589
0.00934191
0.00956992
0.00983393
0.0100619
0.010344
0.010608
0.010845
0.011046
0.011193
0.00155915
0.00718497
0.00746699
0.007749
0.00790501
0.00818702
0.00881704
0.00898205
0.00924607
0.00951009
0.0097381
0.00995712
0.0101491
0.0103231
0.0105872
0.0034143
0.00488155
0.00810694
0.00837995
0.00894702
0.00919303
0.00934004
0.00956806
0.00972408
0.00991609
0.0101891
0.0103991
0.0106181
0.0107922
0.0110382
0.000799066
0.00413443
0.00696085
0.00720686
0.00810398
0.008599
0.00900508
0.00925109
0.0095151
0.00968911
0.00990813
0.0101901
0.0103462
0.0106102
0.0108832
0.00228417
0.00521155
0.00561559
0.00613165
0.00787382
0.00829484
0.00888885
0.00903586
0.010179
0.010362
0.010599
0.0107911
0.0109651
0.0114872
0.0116612
0.00707878
0.00793994
0.00808696
0.00863601
0.00883703
0.00903804
0.00928405
0.00954806
0.00971308
0.0099951
0.0102051
0.0104871
0.0106791
0.0109432
0.0119272
0.00479865
0.00675478
0.00792092
0.00859594
0.00910902
0.00934603
0.00990411
0.0101591
0.0104141
0.0105702
0.0107622
0.0110442
0.0112992
0.0114732
0.0116382
0.00130913
0.0072968
0.00844296
0.00864397
0.00888998
0.00940606
0.00958008
0.0098441
0.0100901
0.0102911
0.0106452
0.0110143
0.0112243
0.0113713
0.0115183
0.00473262
0.0059468
0.00627187
0.00690189
0.00745994
0.00820702
0.00896609
0.00946118
0.00962619
0.00980921
0.0100282
0.0103102
0.0107783
0.0110423
0.0113243
0.00548061
0.00570862
0.00615866
0.00677975
0.00695376
0.00711877
0.00747579
0.00787781
0.00810582
0.00825284
0.00908698
0.0103752
0.0105852
0.0107682
0.0109782