RTT
0.245008
0.245011
0.145015
0.145018
0.245021
0.145024
0.245028
0.145032
0.245035
0.145038
0.245041
0.145044
0.245048
0.145052
0.245056
0.14506
0.245063
0.145066
0.245069
0.145072
0.245075
0.145086
0.245717
0.14572
0.245724
0.145728
0.245731
0.145734
0.245738
0.145742
0.245746
0.145749
0.245752
0.145755
0.245757
0.145761
0.246507
0.24651
0.246513
0.146517
0.14652
0.146523
0.246526
0.146529
0.246532
0.146536
0.246539
0.146542
0.246546
0.14655
0.246553
0.146555
0.246558
0.146561
0.246564
0.146568
0.246571
0.146585
0.247179
0.247182
0.247185
0.247188
0.247191
0.247194
0.247198
0.2472
0.247203
0.247207
0.24721
0.247213
0.247216
0.247219
0.247221
0.247228
0.247231
0.247234
0.247238
0.247241
0.247244
0.147247
0.14725
0.147253
0.147257
0.147264
0.147267
0.147269
0.147273
0.147277
0.14728
0.147283
0.147286
0.14729
0.147292
0.147296
0.147299
0.147302
0.147305
0.147309
0.247311
0.147314
0.147317
0.24732
0.147323
0.247326
0.147329
0.247332
0.147335
0.247338
0.147341
0.247344
0.147348
0.247352
0.147356
0.147359
0.247362
0.147365
0.247368
0.147371
0.247374
0.147377
0.24738
0.147383
0.247386
0.147389
0.247392
0.147395
0.247397
0.1474
0.247404
0.147407
0.247411
0.147414
0.247417
0.14742
0.247423
0.147426
0.247429
0.147432
0.247435
0.147438
0.24744
0.147448
0.248141
0.148154
0.249549
0.249552
0.249555
0.149558
0.149562
0.149565
0.249568
0.14957
0.249573
0.149578
0.249581
0.149584
0.249588
0.14959
0.249593
0.149596
0.249599
0.14961
0.249774
0.249778
0.249781
0.249784
0.149788
0.249791
0.249794
0.149797
0.2498
0.249803
0.249806
0.149809
0.249812
0.249815
0.149818
0.24982
0.149823
0.249825
0.249828
0.149831
0.249834
0.249836
0.249839
0.149842
0.249844
0.249851
0.250481
0.250483
0.250486
0.150489
0.150492
0.150495
0.250498
0.150501
0.250505
0.150507
0.25051
0.150513
0.250516
0.150519
0.250526
0.251057
0.25106
0.251063
0.251067
0.25107
0.151073
0.151076
0.151079
0.151082
0.151086
0.251089
0.151092
0.251095
0.151102
0.251687
0.25169
0.251694
0.251696
0.2517
0.251704
0.251707
0.25171
0.151713
0.151716
0.151719
0.151722
0.151725
0.251728
0.151731
0.151735
0.151739
0.251742
0.151746
0.251748
0.151751
0.251754
0.151757
0.25176
0.151763
0.251767
0.151771
0.151774
0.251778
0.151781
0.251784
0.151787
0.25179
0.151794
0.251796
0.151799
0.251803
0.151807
0.251811
0.151815
0.251817
0.15182
0.251823
0.151826
0.251829
0.151832
0.251835
0.151838
0.251841
0.151844
0.25453
0.154533
0.254536
0.154543
0.255155
0.155161
0.255165
0.155168
0.255171
0.155175
0.255178
0.155181
0.255196
0.155216
0.255402
0.255406
0.25541
0.255427
0.277949
0.177952
0.277955
0.177958
0.0779607
0.0779778
0.278445
0.278447
0.27845
0.278452
0.278455
0.278458
0.27846
0.078463
0.0784739
0.280142
0.180147
0.0801541
0.280747
0.18075
0.080754
0.0807568
0.0807607
0.0807636
0.0807674
0.0807704
0.0807742
0.0807771
0.0807803
0.0807832
0.080787
0.0807906
0.0807937
0.0807965
0.0808082
0.281602
0.181605
0.0816093
0.0816122
0.0816149
0.081618
0.0816206
0.0816235
0.0816265
0.0816294
0.0816321
0.0816348
0.0816379
0.0816405
0.0816474
0.288652
0.188656
0.0886587
0.0886618
0.0886648
0.0886807
0.0891986
0.0892026
0.0892056
0.0892085
0.0892114
0.0892143
0.0892173
0.0892202
0.0892231
0.089227
0.08923
0.0892332
0.089236
0.0892389
0.0892422
0.0892455
0.0892483
0.0892516
0.0892583
0.0892611
0.0892641
0.0892748
0.089439
0.0894518
0.0896066
0.0896093
0.0896132
0.0896171
0.0896202
0.0896241
0.0896358
0.0897911
0.0898038
0.0899618
0.0899646
0.0899673
0.0899704
0.0899878
0.090206
0.0902098
0.0902137
0.0902169
0.0902199
0.0902227
0.0902258
0.0902348
0.0904479
0.0906759
0.0910111
0.091014
0.091017
0.0910199
0.0910227
0.0910256
0.0910284
0.0910399
0.191674
0.191678
0.191681
0.191685
0.191689
0.191692
0.191696
0.191699
0.191702
0.191719
0.0926644
0.0926705
0.0926767
0.0926902
0.0928902
0.0929032
0.0932662
0.0934222
0.0937313
0.0940683
0.0942514
0.0950484
0.0953034
0.0954864
0.0964305
0.0965776
0.0968506
0.0970246
0.0972436
0.0976726
0.0983347
0.0986167
0.10042
0.100576
0.100741
0.100897
0.101044
0.0060184
0.00749453
0.0117339
0.0166903
0.0185305
0.0188725
0.0198056
0.0203097
0.0204657
0.0206397
0.0208677
0.0210147
0.0212607
0.0227418
0.00233321
0.00329629
0.00702284
0.00717886
0.00732588
0.00815095
0.00840596
0.00861598
0.00879899
0.00901801
0.00929102
0.00951903
0.00970205
0.00986706
0.00605979
0.00662683
0.0070469
0.00737695
0.00755096
0.00834607
0.00853808
0.00874809
0.0090211
0.00930312
0.00958514
0.00980415
0.0100142
0.0101702
0.00292425
0.00675478
0.00696479
0.00713881
0.00737582
0.00765783
0.00784984
0.00799686
0.00822487
0.00847088
0.0086179
0.00878292
0.00902893
0.00928395
0.00147209
0.00571863
0.00588363
0.00752179
0.00771381
0.00795082
0.00853588
0.00905794
0.00931295
0.00955897
0.00970599
0.009916
0.010081
0.010282
0.00390225
0.00639965
0.00694874
0.00721276
0.00740477
0.00755179
0.00770779
0.00825687
0.00848489
0.0086589
0.00888691
0.00916892
0.00931594
0.00957096
0.00169011
0.00531555
0.00621267
0.00744675
0.00839781
0.00864383
0.00879084
0.00897385
0.00919287
0.00941189
0.00969391
0.00995792
0.0102039
0.010963
0.00512859
0.00568664
0.00590565
0.00805089
0.0083149
0.00857892
0.00877993
0.00905294
0.00925396
0.00940997
0.0100561
0.0106262
0.0131996
0.0150797
1.0226
0.822601
1.0226
0.82261
1.02303
0.923034
0.823038
1.02304
0.923059
0.823059
1.0233
0.923307
0.82331
1.02331
0.923318
0.823321
1.02332
0.923327
0.823333
1.02443
0.924436
0.824439
1.02444
0.924445
0.82446
0.925051
1.0254
0.9254
0.825411
1.02578
0.925782
0.825792
1.06917
0.00440025
0.00818774
0.00837975
0.00863476
0.00888977
0.00909978
0.0093728
0.00954681
0.00978382
0.00996683
0.0101949
0.0104229
0.0106239
0.0108879
0.000918087
0.00737487
0.00757588
0.00799995
0.00824597
0.00865698
0.00888499
0.00950603
0.00969804
0.00989906
0.0100641
0.0103281
0.0108861
0.0111141
0.0011771
0.00590967
0.00653975
0.00669576
0.00707978
0.00809986
0.00826487
0.0100531
0.0108512
0.0110522
0.0115003
0.0117283
0.0120103
0.0122023
1.01235
0.91235
0.812358
1.01256
0.912561
0.812571
0.00797572
0.00871783
0.00890084
0.00904785
0.00923987
0.0096149
0.00987891
0.0101429
0.010773
0.0113131
0.0115501
0.0117781
0.0120151
0.0121981
0.0123541
0.0126272
0.00108724
0.00656947
0.0072005
0.0073655
0.00752152
0.00774053
0.00878558
0.00964468
0.00979169
0.0100557
0.0104487
0.0106767
0.0108328
0.0114178
0.0116009
0.0117749
0.00765015
0.00902727
0.00918329
0.0093843
0.00962132
0.00987633
0.0101223
0.0103324
0.0105964
0.0107614
0.0109894
0.0111724
0.0114094
0.0115924
0.0117395
0.0119405
0.00753426
0.00809232
0.00916807
0.00938709
0.0096421
0.00989712
0.0101611
0.0103171
0.0105992
0.0107732
0.0109472
0.0111482
0.0117422
0.0123543
0.0125373
0.0127383
0.00556393
0.005952
0.00614401
0.00639902
0.00767118
0.0078362
0.00803721
0.00818423
0.00834924
0.00893431
0.0092644
0.00943841
0.00984048
0.0100505
0.0103235
0.0105695
0.00522968
0.00559974
0.00808002
0.00832603
0.00854504
0.00895113
0.00920614
0.00942515
0.00960816
0.00985417
0.0100732
0.0102382
0.0105202
0.0108022
0.0109583
0.0112313
0.0073559
0.00826203
0.00845404
0.00861006
0.00880206
0.00906608
0.00934809
0.0096121
0.00985812
0.0100951
0.0103321
0.0105962
0.0107792
0.0111902
0.0114002
0.0119583
0.00735185
0.00751687
0.00770889
0.0078829
0.00815592
0.00840193
0.00867494
0.00883995
0.00901397
0.00926898
0.00946099
0.00964401
0.00991702
0.010091
0.010301
0.0104571
0.00612596
0.00731115
0.00758416
0.00781216
0.00808518
0.00858026
0.00881727
0.00900029
0.00919231
0.00939332
0.00964833
0.00991235
0.0100594
0.0103324
0.0105064
0.0106894
0.00538258
0.00573263
0.00613768
0.0068167
0.00703572
0.00763881
0.00803182
0.00830483
0.00850584
0.00868885
0.00887186
0.00920188
0.0094659
0.010426
0.010699
0.0117821
0.000651068
0.0063778
0.00656982
0.00717291
0.00735593
0.00757494
0.00773096
0.00794096
0.00819597
0.00930409
0.00955911
0.00972412
0.00997013
0.0101351
0.0103542
0.0124272
0.00336427
0.00671978
0.00717892
0.00794796
0.00839109
0.00908627
0.00968032
0.00994434
0.0102084
0.0104454
0.0107575
0.0110395
0.0113215
0.0114685
0.0116875
0.0119425
0.00130017
0.00424054
0.00697588
0.0074689
0.00766991
0.00781692
0.00815595
0.00875901
0.00899602
0.00954509
0.00975511
0.00994712
0.0102021
0.0103582
0.0105862
0.0108592
0.00373247
0.00514962
0.00661974
0.00716277
0.00827893
0.00848894
0.00875295
0.00899896
0.00919098
0.009347
0.00987807
0.0100431
0.0105921
0.0108741
0.0110482
0.0112492
0.00603367
0.00624368
0.00676074
0.00692575
0.00719877
0.00776579
0.0080388
0.00820381
0.00866286
0.00892688
0.0091459
0.00930192
0.00944894
0.00969495
0.00991396
0.010169
0.00588975
0.00612677
0.00637278
0.00695783
0.00717684
0.00735986
0.00821891
0.00836592
0.00859393
0.00882195
0.00921498
0.00940699
0.00982701
0.010193
0.0107151
0.0108621
0.00767489
0.00793891
0.00819392
0.00839493
0.00865895
0.00885096
0.00901597
0.00918099
0.009337
0.00960101
0.00977503
0.0104321
0.0106961
0.0109061
0.0111791
0.0114341
0.00615284
0.00640785
0.00701989
0.00717591
0.00736793
0.00792598
0.00819
0.00836401
0.00900309
0.00923111
0.00950413
0.00968714
0.00995115
0.0102242
0.0103802
0.0105902
0.00710991
0.00727492
0.00777894
0.008312
0.00869905
0.00886406
0.00924808
0.0094311
0.00968612
0.00994113
0.0101602
0.0106102
0.0108023
0.0110213
0.0116693
0.0119424
0.00284324
0.00609059
0.0063636
0.00662762
0.00681063
0.00768975
0.00787276
0.00802877
0.00872186
0.00886888
0.00902488
0.0092439
0.00939992
0.0103601
0.0105521
0.0107621
0.00210215
0.00719788
0.00738989
0.00809499
0.008269
0.00856505
0.00871207
0.00894009
0.00928214
0.00952815
0.00968417
0.00992119
0.0100862
0.0103322
0.0105152
0.0107342
0.00569859
0.00599264
0.00632268
0.00823395
0.00847997
0.00869899
0.008918
0.00920001
0.00943703
0.00965604
0.00992905
0.0105591
0.0107961
0.0110061
0.0111801
0.0114081
0.00525267
0.00663182
0.00678784
0.00704285
0.00727986
0.00778396
0.00798497
0.00817698
0.00834199
0.008498
0.00873502
0.00900802
0.00921803
0.00946405
0.0100221
0.0101781
0.0027612
0.00787081
0.00802682
0.00821883
0.00841084
0.00861185
0.00881287
0.00904088
0.0092329
0.00951492
0.00975194
0.00992595
0.01061
0.01082
0.0110481
0.0112131
0.00617983
0.00642584
0.00658185
0.00677386
0.00699288
0.00726589
0.00751191
0.00839997
0.00859198
0.00879299
0.008967
0.00917701
0.00941402
0.00964204
0.00987006
0.0100351
0.00631585
0.00646286
0.00708392
0.00731193
0.00751294
0.00773195
0.00795996
0.00816098
0.00912104
0.00928606
0.00948708
0.0097421
0.00999711
0.0101891
0.0103451
0.0105641
0.00709384
0.00734885
0.00877105
0.00899007
0.00917308
0.0093831
0.00962911
0.00985712
0.0101121
0.0103401
0.0105232
0.0107872
0.0109972
0.0112072
0.0114622
0.0116182
0.00519561
0.00659587
0.00705493
0.00798803
0.00815305
0.00851906
0.00877407
0.00904709
0.0092661
0.00953911
0.00976713
0.00998614
0.0102232
0.0103972
0.0105622
0.0111292
0.00512445
0.00533447
0.00553548
0.0072427
0.00742571
0.00758172
0.00772873
0.00792074
0.00810376
0.00831378
0.0093099
0.00946592
0.00965793
0.00980495
0.010033
0.010297
0.00585266
0.0062397
0.00654274
0.00672576
0.00688177
0.00712778
0.00736479
0.00804291
0.00936307
0.00954608
0.0097471
0.00994811
0.0101761
0.0103591
0.0106322
0.0107972
0.00622875
0.00651076
0.00669377
0.00728785
0.00751586
0.00778887
0.00803489
0.0083169
0.00889292
0.00915694
0.00938495
0.00959497
0.00986798
0.01015
0.010414
0.010597
0.00657287
0.00714889
0.0073319
0.00747892
0.00773393
0.00794394
0.00846601
0.00865803
0.00882304
0.00897906
0.00915307
0.00941708
0.00967209
0.00990911
0.0101641
0.0103201
0.00298228
0.00611578
0.00627179
0.0065088
0.00670982
0.00790199
0.008148
0.00834901
0.00888903
0.00903605
0.00930906
0.00959107
0.00983709
0.0100741
0.0102481
0.0105031
0.0020012
0.00580269
0.00606671
0.00661574
0.00692776
0.00744985
0.00772285
0.00794187
0.00834388
0.00851789
0.00879991
0.01
0.0105131
0.0107771
0.0109511
0.0111971
0.00607579
0.00634881
0.00733593
0.00875907
0.00890608
0.00922216
0.00937818
0.00963319
0.0098792
0.0100622
0.0105573
0.0107943
0.0110313
0.0112683
0.0115144
0.0117694
0.00113513
0.00684676
0.00768394
0.00817
0.00854805
0.00875807
0.00893208
0.00916909
0.00981714
0.0100632
0.0102102
0.0104472
0.0106752
0.0108312
0.0111132
0.0113052
0.00186515
0.00660071
0.00717676
0.00735977
0.00795382
0.00829283
0.00849384
0.00932308
0.00955109
0.00982411
0.0100071
0.0102621
0.0104811
0.0109852
0.0112672
0.0115223
0.00490756
0.00638077
0.0067558
0.00693881
0.0072419
0.00749691
0.00879015
0.00899116
0.00924617
0.00946519
0.00974721
0.00991223
0.0101582
0.0103413
0.0106143
0.0108783
0.00514527
0.00873985
0.00888686
0.0093139
0.00946092
0.00972493
0.00997095
0.010244
0.010391
0.010673
0.010883
0.011156
0.01142
0.011666
0.0118401
0.0121131
0.0037835
0.0056317
0.00639376
0.00677979
0.00710983
0.00748786
0.00846598
0.00872099
0.008958
0.00984613
0.0100741
0.0103111
0.0105752
0.0108572
0.0110132
0.0112412
0.00241416
0.00760774
0.00783575
0.00873082
0.00895883
0.00922984
0.00959086
0.00987287
0.0100199
0.0101669
0.0103769
0.0105599
0.0107969
0.011034
0.011298
0.011847
0.00263024
0.00744884
0.00770386
0.00901806
0.00930008
0.00957309
0.00980111
0.0100021
0.0101581
0.0103501
0.0105062
0.0106712
0.0109082
0.0110732
0.0113282
0.0115742
0.00663583
0.00705984
0.00742592
0.00868411
0.00893913
0.00951519
0.0097432
0.00998922
0.0101632
0.0103822
0.0106642
0.0110573
0.0112223
0.0113963
0.0115883
0.0122454
0.00550998
0.005693
0.00659012
0.00716316
0.00731017
0.00771219
0.00795819
0.00811421
0.00836022
0.00860624
0.00883425
0.00901727
0.00917328
0.00939229
0.0108824
0.0115815
0.00706525
0.00749232
0.00845247
0.00866248
0.00884549
0.00910951
0.00939152
0.00958354
0.00973056
0.00996757
0.0101326
0.0102886
0.0105436
0.0108166
0.0110176
0.0112007
0.00504819
0.00633538
0.00769406
0.00793108
0.0081411
0.00853411
0.00879813
0.00902614
0.00920916
0.00940117
0.00965618
0.0102143
0.0104423
0.0106163
0.0111923
0.0114203
0.00609402
0.00718312
0.00742914
0.00770216
0.00796617
0.00824819
0.0085032
0.00878521
0.00901322
0.00921423
0.00979524
0.0100143
0.0102603
0.0105423
0.0111184
0.0112744
0.00418469
0.00549287
0.00699007
0.00834322
0.00870024
0.00886525
0.00913827
0.00937528
0.00976234
0.00995435
0.0102874
0.0104974
0.0107614
0.0109355
0.0111905
0.0114185
0.00595977
0.00670179
0.00709481
0.00741582
0.00818992
0.00843594
0.00860995
0.00915904
0.00971707
0.00992709
0.0109052
0.0110702
0.0112622
0.0114813
0.0116823
0.0118563
0.00492257
0.00552865
0.00575667
0.00591268
0.0064347
0.00669872
0.00722975
0.00761376
0.00881689
0.00905391
0.009729
0.010305
0.010578
0.010743
0.0109711
0.0111541
0.00147214
0.00566955
0.00742786
0.00760188
0.00869995
0.00884697
0.00920202
0.00936703
0.00962205
0.00976907
0.00998808
0.0102701
0.0104171
0.0106181
0.0108731
0.0111191
0.00311831
0.00674085
0.00694187
0.00708888
0.00763494
0.00785396
0.00808198
0.00826499
0.008484
0.00864901
0.00951913
0.00990321
0.0101762
0.0107703
0.0110073
0.0112713
0.00458031
0.00884487
0.00909088
0.00923789
0.0094029
0.00960391
0.00982293
0.010336
0.010528
0.01081
0.0110561
0.0113201
0.0115121
0.0117671
0.0120041
0.0122051
0.00339535
0.00461148
0.0051345
0.00832003
0.0086751
0.00892111
0.00963918
0.0099122
0.0101942
0.0106802
0.0108993
0.0111813
0.0114183
0.0116463
0.0122133
0.0124054
0.00280123
0.00618365
0.00658567
0.00676869
0.00780974
0.00808276
0.00825677
0.00840378
0.00868579
0.00896781
0.00923182
0.00944183
0.00960684
0.0101379
0.0103929
0.010594
0.00120709
0.00636683
0.00660385
0.00680487
0.00695188
0.00715289
0.00750696
0.00787603
0.00803205
0.00818807
0.00857411
0.00889816
0.00929118
0.00952819
0.0097472
0.0102242
0.000989068
0.00627078
0.00648979
0.0066458
0.00784693
0.00800294
0.00826695
0.00841397
0.00859699
0.008807
0.00899002
0.00920904
0.00993712
0.0103252
0.0105802
0.0107542
0.0034393
0.00677976
0.00706177
0.00753883
0.00792587
0.00809989
0.0082829
0.00848391
0.00871192
0.00898494
0.00914995
0.00940496
0.00967798
0.0101911
0.0104371
0.0106111
0.00317724
0.00658273
0.00676574
0.00691276
0.0076448
0.00812182
0.00829583
0.00856885
0.00879686
0.00939092
0.00964593
0.00982894
0.010297
0.010525
0.0107261
0.0109271
0.00399342
0.00516855
0.00743785
0.00764786
0.00779487
0.00830192
0.00863497
0.00882697
0.00902799
0.00925601
0.00952002
0.00970304
0.0101241
0.0114411
0.0123082
0.0157403
0.00736483
0.00758384
0.00791591
0.00828499
0.008549
0.00877702
0.00899603
0.00914305
0.0101931
0.0104661
0.0106851
0.0109671
0.0112401
0.0114412
0.0116782
0.0118342
0.00129514
0.00639683
0.00663384
0.00678085
0.00699986
0.00788796
0.00807997
0.00891107
0.00916608
0.0093941
0.00957711
0.00985012
0.0100241
0.0102792
0.0104712
0.0110472
0.00468541
0.00613155
0.00633256
0.00670758
0.00692659
0.0072086
0.00909081
0.00939383
0.00954085
0.00976887
0.00996988
0.0102519
0.0104529
0.0106539
0.0108729
0.011494
0.00680085
0.00696587
0.00712188
0.00735889
0.00761391
0.00785092
0.00812393
0.00840594
0.00867896
0.00894298
0.009198
0.00946201
0.00967202
0.00987303
0.01011
0.0102841
0.00689592
0.00730994
0.00749295
0.00764896
0.00793098
0.00814099
0.00858001
0.00877202
0.00905404
0.00924605
0.0101891
0.0103901
0.0105371
0.0107922
0.0113502
0.0115602
0.00582054
0.0077908
0.00799182
0.00826483
0.00841185
0.00866687
0.00881388
0.00923389
0.0094439
0.00960891
0.00980092
0.0100379
0.010275
0.010431
0.010659
0.011226