RTT
0.088012
0.0880154
0.0880185
0.0880234
0.0900894
0.0900925
0.0900956
0.0900987
0.0901014
0.0901045
0.0901077
0.0901175
0.0902723
0.0902761
0.0902793
0.0902855
0.0925718
0.0925749
0.092578
0.0925814
0.0925845
0.0925876
0.0926007
0.0931859
0.0931886
0.0931917
0.0931956
0.0931987
0.0932148
0.0938176
0.0938206
0.0938234
0.0938262
0.0938292
0.093832
0.0938468
0.0955421
0.0955452
0.0955483
0.0955521
0.0955553
0.0955584
0.0955612
0.0955642
0.095571
0.0967334
0.0967367
0.0967395
0.0967428
0.0967457
0.0967621
0.0973564
0.0973604
0.0973633
0.0973666
0.0973698
0.0973731
0.0973762
0.0973851
0.0982081
0.0982109
0.098214
0.098218
0.0982222
0.0982253
0.0982283
0.098231
0.0982362
0.0996693
0.0996728
0.0996813
0.101863
0.102256
0.10253
0.102713
0.00659781
0.0133083
0.0134913
0.0161216
0.0167066
0.0169256
0.0171446
0.0173816
0.0176276
0.0192028
0.0193498
0.0195778
0.00611654
0.0065076
0.00676262
0.00697263
0.00721864
0.00744666
0.00771067
0.00855072
0.00877874
0.00897076
0.00936377
0.0107069
0.00577265
0.00618666
0.00633368
0.00673569
0.00731177
0.00750379
0.0077588
0.00801382
0.00822383
0.00914788
0.0093399
0.00959491
0.00652759
0.00731672
0.00753573
0.00791974
0.00810275
0.00869681
0.00891582
0.00915283
0.00929985
0.00951886
0.00978288
0.0100019
0.00396033
0.00699673
0.00755476
0.00873789
0.00915791
0.00936792
0.00963194
0.00985095
0.010115
0.010334
0.010589
0.010736
0.00703873
0.00719474
0.00740476
0.00772578
0.00789979
0.00826884
0.00880086
0.00916688
0.00958989
0.00976391
0.010796
0.011006
0.00521355
0.00668875
0.00758081
0.00777282
0.00860293
0.00884895
0.00906796
0.00954197
0.00978798
0.010061
0.010307
0.010463
0.0037343
0.00773279
0.0080148
0.00825181
0.00880085
0.00905586
0.00929287
0.00948489
0.0097399
0.0100129
0.0102049
0.0104419
0.00324426
0.00762467
0.00801172
0.00817674
0.00838675
0.00860576
0.00882478
0.00952685
0.00977287
0.0100099
0.0102199
0.0103759
0.00371742
0.00466555
0.0058026
0.00598561
0.00700162
0.00728364
0.00879577
0.00936286
0.00964487
0.00980088
0.0100559
0.0102299
1.01234
1.01525
1.01526
1.01547
1.01689
0.916894
0.816904
1.02991
1.03306
0.00751171
0.00767672
0.00795874
0.00821375
0.00836076
0.00891881
0.00919182
0.00934783
0.00958484
0.00973186
0.01071
0.010965
0.011514
0.00270124
0.00731384
0.00755985
0.00809989
0.00831891
0.00851093
0.00897594
0.00924895
0.00943196
0.00965097
0.00981598
0.010776
0.0110491
0.00287726
0.00704469
0.00806477
0.00822078
0.00890483
0.00905185
0.00929786
0.00945387
0.00961889
0.0098469
0.0100389
0.0102669
0.0104859
0.00150821
0.00677289
0.0069739
0.00718392
0.00742993
0.008967
0.00924901
0.00952202
0.0105361
0.0107641
0.0113132
0.0115052
0.0116972
0.00719569
0.00832979
0.0085128
0.00865982
0.00891483
0.00917885
0.00942486
0.00964387
0.00979088
0.00995589
0.0102019
0.0103759
0.0106489
0.00586643
0.0074826
0.00764762
0.00816071
0.00833471
0.00855373
0.00876374
0.00903675
0.00930977
0.00993985
0.0100869
0.0103689
0.0106419
0.00689438
0.00726345
0.00772846
0.00792947
0.00815748
0.00870652
0.00898853
0.00920754
0.00944455
0.00967257
0.00991858
0.0101556
0.0103656
0.00705738
0.00791542
0.00815243
0.00837144
0.00854545
0.00888447
0.00904048
0.0092235
0.00941551
0.00957153
0.00979054
0.0100096
0.0105226
0.00555516
0.00587618
0.00611319
0.0063862
0.00690522
0.00736431
0.00774832
0.0088124
0.00954752
0.00976653
0.00993154
0.0101235
0.0103876
0.00618027
0.00639028
0.00653729
0.0069483
0.0078634
0.00863644
0.00878345
0.00894846
0.00917647
0.00939549
0.0095875
0.00986952
0.0100255
0.00739972
0.00763673
0.00781074
0.00800275
0.00822177
0.00844078
0.0085968
0.00874382
0.00894483
0.00909184
0.00936486
0.00954787
0.00975788
0.00276938
0.00508663
0.00559369
0.00639475
0.00763991
0.00781392
0.00879199
0.008948
0.00911302
0.00931403
0.00952405
0.00970706
0.00994408
0.000965059
0.00676575
0.00706876
0.00728778
0.0080258
0.00819981
0.00861083
0.00883883
0.00902185
0.00919586
0.00943288
0.010312
0.010594
0.00238923
0.0068657
0.00741672
0.00768973
0.00794475
0.00856581
0.00881182
0.00945389
0.0096639
0.0100569
0.0102219
0.011155
0.011428
0.00407236
0.00754282
0.00782484
0.00800785
0.00816386
0.00889594
0.00908795
0.00923496
0.009976
0.010123
0.0109021
0.0111571
0.0113131
0.000983082
0.00550558
0.00603964
0.0065737
0.00673872
0.0075298
0.00803383
0.00886487
0.00904787
0.00926689
0.00941391
0.00965992
0.010896
0.00521955
0.00585266
0.00672277
0.00689678
0.00808792
0.00826193
0.00881602
0.00922704
0.00948206
0.00976407
0.0100191
0.0101751
0.0103761
0.00398535
0.00666671
0.00741677
0.00851989
0.0088019
0.00903891
0.00928493
0.00949494
0.00975895
0.00991497
0.010125
0.010272
0.010419
0.00301923
0.00661757
0.00722371
0.00739772
0.00776378
0.00832191
0.00846892
0.00865194
0.00891595
0.00913496
0.00931798
0.009555
0.00980101
0.00585552
0.00602954
0.00860081
0.00913189
0.00955691
0.00981193
0.0100129
0.010187
0.01046
0.010679
0.010862
0.011072
0.011309
0.00840294
0.00855895
0.00875096
0.00900598
0.00923399
0.00989104
0.0101191
0.0104011
0.0106741
0.0109021
0.0110941
0.0113761
0.0115861
0.00497946
0.0079697
0.00813472
0.00832673
0.00894779
0.00914881
0.00942182
0.00967684
0.00985985
0.0100159
0.0101629
0.0103099
0.0105739
0.00692259
0.00729766
0.00752567
0.00777169
0.0080357
0.00829072
0.00881278
0.00904079
0.0100099
0.0102739
0.0104749
0.0107569
0.010967
0.00686965
0.00705266
0.00739168
0.00764669
0.00788371
0.00853476
0.00868177
0.00892778
0.00918279
0.00934781
0.00990589
0.0100979
0.0103169
0.00805087
0.00830588
0.00854289
0.00874391
0.00891792
0.00908294
0.00923895
0.00946696
0.00969498
0.00995899
0.010429
0.0107231
0.0112241
0.0075127
0.00771371
0.00788773
0.00807974
0.00829875
0.00846377
0.00872778
0.00892879
0.0091838
0.00945681
0.00969382
0.00996684
0.0109599
0.00172217
0.00666678
0.00693079
0.0071768
0.00759682
0.00774383
0.00816385
0.00838287
0.00887795
0.00903396
0.00922598
0.00942699
0.00990101
0.00154214
0.0086109
0.00875792
0.00911797
0.00934598
0.009574
0.00983801
0.010057
0.01024
0.0104051
0.0106871
0.0108341
0.0110171
0.0037814
0.0047355
0.00624472
0.00668774
0.00708975
0.00834685
0.00852086
0.00867687
0.00924989
0.00970894
0.00996395
0.010237
0.010429
0.00605064
0.00626965
0.00647066
0.00666268
0.00766777
0.00786879
0.00812381
0.00836982
0.00855283
0.00922791
0.00940192
0.00959393
0.009937
0.00677475
0.00836493
0.00864694
0.00881195
0.00899496
0.00920497
0.00945999
0.009733
0.00999701
0.010144
0.010417
0.0106091
0.0108551
0.00509549
0.00579553
0.0068307
0.00704072
0.00847486
0.00874787
0.00897589
0.00916791
0.00944092
0.00966893
0.00988795
0.010134
0.011118
0.00302431
0.0057486
0.00594061
0.00674469
0.00721271
0.00737772
0.00834677
0.00915983
0.00932484
0.00957085
0.010477
0.010741
0.010933
0.00641664
0.00743784
0.00775886
0.00841593
0.00865295
0.00879996
0.00906398
0.00926499
0.009412
0.00965802
0.00988603
0.0105071
0.0107621
0.00338525
0.00807478
0.0082308
0.00838681
0.00859682
0.00927495
0.00945796
0.00966797
0.010079
0.0102801
0.0108471
0.0110752
0.0112582
0.00202617
0.00842888
0.00862089
0.0088579
0.00909492
0.00926894
0.00944295
0.00959897
0.00982698
0.010028
0.010184
0.01034
0.010487
0.00166714
0.00545356
0.00713474
0.00732675
0.00776477
0.00798378
0.0082298
0.00906985
0.00941789
0.00983791
0.0103869
0.0105699
0.010789
0.00284519
0.00754586
0.00822087
0.00839489
0.00854191
0.00876092
0.00899794
0.00919895
0.00936397
0.00959198
0.00997903
0.0103701
0.0106071
0.00186119
0.00569374
0.00633177
0.00715681
0.00733082
0.00801283
0.00824084
0.00849585
0.00876887
0.00938994
0.00959995
0.00990297
0.010158
0.00685977
0.00726484
0.00745686
0.00767586
0.00792188
0.00856189
0.0087719
0.00900892
0.00932094
0.00960295
0.00985796
0.010032
0.010296
0.00685265
0.00732068
0.0075397
0.00813376
0.00836177
0.00856278
0.00880879
0.0090548
0.00921981
0.00949283
0.00969385
0.00996686
0.0101769
0.00763475
0.00795583
0.00822885
0.00894494
0.009336
0.00951001
0.00969302
0.00993903
0.010194
0.0103501
0.0105961
0.0107791
0.0109261
0.00195218
0.00571345
0.00693162
0.00756171
0.00821873
0.00836575
0.00886981
0.00905282
0.00922683
0.00940085
0.00962887
0.00977588
0.00996789
0.00500636
0.00590044
0.0074887
0.00831974
0.00864175
0.00881576
0.00907078
0.00928079
0.0094728
0.00961982
0.0101689
0.0104059
0.011885
0.00676566
0.00698468
0.00718569
0.00831982
0.00847583
0.00868584
0.00895886
0.00910587
0.00938788
0.00966989
0.00990691
0.0100629
0.0105459
0.00348528
0.00734866
0.00774474
0.00822775
0.00845576
0.00863877
0.00880379
0.0090858
0.00934982
0.00961383
0.00984185
0.0100249
0.0102439
0.00304327
0.00718978
0.0073908
0.00772981
0.00889289
0.00951395
0.00976896
0.00998798
0.0105101
0.0107471
0.0110111
0.0112751
0.0115301
0.0058686
0.00630066
0.00670268
0.00695769
0.00732371
0.00747972
0.00789974
0.00841475
0.00857076
0.00879877
0.00984992
0.0100329
0.0102789
0.00187309
0.00659059
0.00701561
0.0080087
0.00835075
0.00852477
0.00916385
0.00940086
0.00973088
0.00987789
0.0100879
0.0102349
0.010883
0.000916055
0.00515441
0.00608458
0.0079417
0.00820571
0.00838873
0.00857174
0.00932782
0.00950184
0.0103109
0.0105659
0.0109859
0.011544
0.0075637
0.00817578
0.0084218
0.00859581
0.00879682
0.00904283
0.00930684
0.00955285
0.00971786
0.00993688
0.0102099
0.0104649
0.0109799
0.00753966
0.00773168
0.00801368
0.00817869
0.00841571
0.00868872
0.00894373
0.00910874
0.00958176
0.00983678
0.0101188
0.0104008
0.0106828
0.00355525
0.00493036
0.00563546
0.00731961
0.00801567
0.00827969
0.00850771
0.00925072
0.00949673
0.00970674
0.00988975
0.0104748
0.0106668
0.00472846
0.00487547
0.00566451
0.0067996
0.00702761
0.00757664
0.00921875
0.00946477
0.00961178
0.0101879
0.0103439
0.0105539
0.0108269
0.00704467
0.00878581
0.00903182
0.00925083
0.00953285
0.00979686
0.00994387
0.0100999
0.0102559
0.0104029
0.0105589
0.0108049
0.010952
0.00130808
0.00621749
0.00709365
0.00727667
0.00808072
0.00825473
0.00848275
0.00863876
0.00884878
0.00907679
0.00934079
0.00955981
0.0100608
0.00309824
0.00733776
0.00873885
0.00889486
0.00959499
0.00985901
0.010015
0.010216
0.010444
0.0106631
0.0109451
0.0111461
0.0114011
0.00641275
0.00666776
0.00687777
0.00751278
0.00797185
0.00820887
0.00843688
0.0087189
0.00896491
0.00922892
0.00951094
0.00979295
0.00997597
0.00356424
0.00752161
0.00774962
0.00797764
0.00816065
0.00840667
0.00861668
0.00884469
0.00899171
0.00919272
0.00942973
0.0100688
0.0109539
0.000823097
0.00355935
0.00602572
0.00635573
0.00677576
0.00767079
0.0079438
0.00818081
0.00839082
0.00860984
0.00974391
0.00995392
0.0101279
0.00666455
0.0071986
0.00773867
0.00794868
0.00812269
0.00843472
0.00864474
0.00879175
0.00896577
0.00919377
0.00940379
0.00965881
0.00988682
0.00689576
0.00742477
0.00820185
0.00845686
0.00863987
0.00882288
0.0090149
0.00916191
0.00939893
0.00957295
0.00983696
0.010038
0.011229
0.00106512
0.00590764
0.00730477
0.00754178
0.00772479
0.0078718
0.00845382
0.00861883
0.00890085
0.00948593
0.00986095
0.010134
0.010746
0.00368039
0.0058287
0.00786101
0.00802602
0.00855712
0.00890218
0.00914819
0.00947625
0.00970426
0.00986027
0.0100793
0.0103613
0.0106253
0.00765385
0.00858699
0.008824
0.00897101
0.00923502
0.00945403
0.00972705
0.00998206
0.0101561
0.0104291
0.0107111
0.0109481
0.0111131
0.00344527
0.00425233
0.00793691
0.00862094
0.00878595
0.00902297
0.00928697
0.00943399
0.009617
0.00988102
0.010127
0.010409
0.0106641
0.00776071
0.00791672
0.00806373
0.00826475
0.00845676
0.00867577
0.00893978
0.00921279
0.00937781
0.00952482
0.00968984
0.00989985
0.0101639
0.00680105
0.00702006
0.00722107
0.00741309
0.00756011
0.00780612
0.00840915
0.00863716
0.00884718
0.00899419
0.0092042
0.00955222
0.0101463
0.00173219
0.00608857
0.00649064
0.00676366
0.00712073
0.00766976
0.00822977
0.00846679
0.0086768
0.00894081
0.00918682
0.010039
0.010321