RTT
0.252469
0.252472
0.252475
0.252478
0.252481
0.252484
0.252487
0.25249
0.252493
0.252496
0.252499
0.252502
0.252505
0.252508
0.252511
0.252514
0.152517
0.15252
0.152523
0.252526
0.152529
0.152532
0.152535
0.152538
0.152541
0.152544
0.152547
0.15255
0.152552
0.152555
0.152559
0.152562
0.152565
0.152568
0.252572
0.152575
0.252578
0.152581
0.252585
0.152589
0.252592
0.152596
0.252599
0.152602
0.252604
0.152607
0.252611
0.152614
0.252617
0.15262
0.252623
0.152626
0.252629
0.152632
0.252636
0.152639
0.252642
0.152645
0.252648
0.152651
0.252653
0.152656
0.252659
0.152662
0.252665
0.152668
0.252671
0.152674
0.252678
0.152682
0.252685
0.152688
0.252691
0.152694
0.252697
0.152701
0.252704
0.152711
0.252714
0.152716
0.252719
0.152722
0.252725
0.152729
0.252733
0.152737
0.25274
0.152743
0.252746
0.15275
0.252753
0.152756
0.252758
0.152761
0.252764
0.152767
0.25277
0.152773
0.252776
0.152779
0.252782
0.152786
0.253362
0.253365
0.253368
0.25337
0.253373
0.253376
0.25338
0.253383
0.153385
0.153388
0.153391
0.153394
0.153398
0.153401
0.153404
0.153407
0.253409
0.153412
0.253415
0.153418
0.253421
0.153424
0.253426
0.15343
0.253432
0.153435
0.253438
0.153441
0.253443
0.153447
0.253449
0.153452
0.253455
0.153458
0.253461
0.153464
0.253466
0.153469
0.253472
0.153475
0.253478
0.153487
0.254144
0.254146
0.254149
0.154152
0.154154
0.154157
0.25416
0.154162
0.254165
0.154167
0.25417
0.154173
0.254175
0.154189
0.254828
0.154831
0.254834
0.154838
0.254841
0.154844
0.254847
0.15485
0.254854
0.154857
0.25486
0.154863
0.254866
0.154869
0.254872
0.154875
0.254878
0.154881
0.254884
0.154888
0.254891
0.154905
0.255553
0.155556
0.25556
0.155564
0.255567
0.155571
0.255573
0.155577
0.25558
0.155583
0.255586
0.155589
0.255592
0.155595
0.255598
0.155601
0.255604
0.155607
0.25561
0.155613
0.255616
0.15563
0.256215
0.156218
0.256221
0.156224
0.256227
0.15623
0.256233
0.156236
0.256239
0.156242
0.256245
0.156248
0.256251
0.156255
0.256257
0.156276
0.256879
0.156882
0.256885
0.156888
0.256892
0.156895
0.256898
0.156901
0.256904
0.156908
0.25761
0.257613
0.257616
0.157619
0.257623
0.257627
0.157631
0.257634
0.257637
0.15764
0.257643
0.257646
0.25765
0.257654
0.157657
0.25766
0.157663
0.257666
0.25767
0.157674
0.257677
0.25768
0.257683
0.157686
0.25769
0.157693
0.257697
0.2577
0.257703
0.157706
0.25771
0.257712
0.257715
0.157718
0.257722
0.257725
0.157728
0.257731
0.157734
0.257751
0.260285
0.260288
0.260292
0.260296
0.260298
0.260301
0.260304
0.260308
0.260311
0.260314
0.26033
0.297288
0.197291
0.297295
0.1973
0.297303
0.197306
0.29731
0.197313
0.297316
0.197319
0.0973293
0.298022
0.198026
0.0980354
0.300378
0.200382
0.100385
0.30039
0.200395
0.100408
0.300865
0.200869
0.100872
0.100875
0.100878
0.100881
0.100884
0.100887
0.10089
0.100893
0.300898
0.200903
0.100911
0.30218
0.202183
0.102186
0.102189
0.102192
0.102195
0.102198
0.102202
0.102206
0.10221
0.102214
0.102218
0.102221
0.102225
0.112988
0.112991
0.112994
0.112997
0.113
0.213003
0.113006
0.213012
0.113016
0.11328
0.113283
0.113292
0.11351
0.113513
0.113516
0.11352
0.113523
0.113526
0.113529
0.113539
0.114096
0.114099
0.114102
0.114105
0.114107
0.11411
0.114113
0.114117
0.114121
0.114124
0.11414
0.114368
0.114371
0.114377
0.11438
0.114383
0.114386
0.114389
0.114392
0.114395
0.114398
0.114401
0.114404
0.114407
0.11441
0.114413
0.114416
0.114419
0.114423
0.114426
0.114429
0.114431
0.114435
0.114438
0.114441
0.114444
0.114447
0.11445
0.114453
0.114456
0.114459
0.114463
0.114466
0.114469
0.114473
0.114476
0.114479
0.114482
0.114485
0.114487
0.11449
0.114494
0.114498
0.114501
0.114504
0.114507
0.11451
0.114514
0.114517
0.11452
0.114524
0.114527
0.31453
0.214533
0.11454
0.114686
0.11469
0.114693
0.114697
0.114701
0.114704
0.114707
0.11471
0.114713
0.114716
0.11472
0.114723
0.114726
0.114729
0.114732
0.114736
0.114739
0.114742
0.114744
0.114747
0.114751
0.114755
0.114758
0.114761
0.114764
0.114767
0.114771
0.314774
0.114777
0.114795
0.316255
0.116258
0.316261
0.116264
0.316267
0.21627
0.116284
0.220746
0.220749
0.220753
0.220756
0.220759
0.220763
0.0207668
0.0207699
0.0207726
0.0207902
0.222839
0.122845
0.22286
0.122875
0.222879
0.122882
0.222885
0.122888
0.222891
0.122894
0.0228968
0.0229119
0.0229186
0.022922
0.0229317
0.0278895
0.0279025
0.0280669
0.0280698
0.0280726
0.128076
0.0280792
0.128082
0.0280956
0.0296416
0.0296536
0.130246
0.131119
0.136101
0.0361131
0.0380943
0.0382864
0.0384694
0.0386254
0.0388354
0.0390994
0.0393417
0.0393544
0.0395674
0.0397144
0.0398795
0.0400625
0.0402185
0.00489755
0.0066187
0.00678371
0.00733276
0.00755177
0.00818086
0.00843587
0.00869089
0.00931093
0.00959294
0.0110611
0.0138693
0.0148565
0.0151115
0.0153305
0.0155135
0.00169713
0.0076209
0.00785792
0.00813093
0.00834094
0.009007
0.00919902
0.0102311
0.0104232
0.0109362
0.0111553
0.0113113
0.0114583
0.0116953
0.0118873
0.0121693
0.00120007
0.00716376
0.00740078
0.00759279
0.00800381
0.00818683
0.00869088
0.0088379
0.00908391
0.00928492
0.00945893
0.00971394
0.00989696
0.010107
0.010683
0.010938
0.00336226
0.00727169
0.00766774
0.00787775
0.00802476
0.00819877
0.00841779
0.00896684
0.00924885
0.00943186
0.00958787
0.00986989
0.010464
0.010674
0.010938
0.011157
0.00339427
0.00659068
0.00677369
0.00736772
0.00757773
0.00781474
0.00801575
0.00826176
0.00891885
0.00911087
0.00934788
0.00949489
0.00965991
0.00988793
0.0101159
0.010398
0.000985115
0.00346536
0.00575768
0.0061237
0.00636071
0.008272
0.00855401
0.00908611
0.00940713
0.00968914
0.00999223
0.0102382
0.0111533
0.0114964
0.0117784
0.0120424
0.00148116
0.00424645
0.00561256
0.00582258
0.00602359
0.00655467
0.00680969
0.00850485
0.00924896
0.009789
0.00995401
0.010137
0.010284
0.0104311
0.0119244
0.0121794
1.01884
0.918842
0.818853
0.919107
0.81912
1.01928
0.919278
0.819281
1.01929
0.919288
0.819304
1.01957
0.91957
0.819573
1.01958
0.919579
0.819582
1.01958
0.919587
0.819596
1.01981
0.919818
1.06963
0.969635
0.869645
0.00602577
0.00630778
0.00785386
0.00816591
0.00858599
0.00885
0.00937612
0.00957713
0.0100722
0.0108383
0.0110843
0.0112583
0.0114234
0.0116514
0.0118074
0.0120894
1.07502
0.875028
0.00173863
0.00780029
0.0081213
0.00832232
0.00849633
0.00906336
0.00924637
0.00942939
0.00959441
0.00985842
0.0100684
0.0103324
0.0105335
0.0106985
0.0112475
0.0114306
0.00218418
0.00610364
0.00756186
0.00773587
0.0084019
0.0107882
0.0110072
0.0112802
0.0115082
0.0117812
0.0119552
0.0122102
0.0123753
0.0125673
0.0127953
0.0129873
0.0013841
0.00833404
0.00855305
0.00914708
0.0093301
0.00948611
0.00963312
0.00982514
0.0101071
0.0103892
0.0105902
0.0107552
0.0109112
0.0110942
0.0113582
0.0115413
0.0010881
0.00710985
0.00863706
0.00884707
0.00910208
0.00930309
0.00955811
0.00975912
0.0100321
0.0101792
0.0103352
0.0105452
0.0107102
0.0109922
0.0112112
0.0113762
0.0039734
0.00628069
0.00864491
0.00880093
0.00915397
0.00931898
0.00956499
0.009757
0.00991301
0.010132
0.010315
0.0104801
0.0106271
0.0108101
0.0109931
0.0111401
0.0021532
0.00505958
0.00718194
0.00863715
0.00890117
0.00912018
0.00938419
0.0096302
0.00988521
0.0100772
0.0102422
0.0111393
0.0113494
0.0115144
0.0117964
0.0120514
0.00719091
0.007611
0.00788402
0.00804002
0.00832203
0.00859505
0.00883206
0.00941709
0.00960011
0.00981913
0.0100381
0.0106142
0.0108782
0.0111242
0.0113252
0.0114902
0.00569274
0.00584876
0.00692589
0.00717191
0.00744493
0.00800302
0.0089721
0.00914612
0.00934713
0.00988721
0.0100612
0.0103342
0.0106163
0.0108803
0.0110633
0.0112913
0.00644172
0.00765682
0.00795286
0.00830391
0.00848693
0.00900901
0.00921002
0.00961203
0.00987605
0.0101581
0.0107071
0.0108721
0.0110191
0.0111931
0.0118412
0.0120782
0.00504179
0.00739804
0.00758105
0.00779106
0.00834016
0.00856817
0.0092522
0.00948922
0.00974423
0.00989125
0.0101553
0.0103743
0.0105393
0.0107043
0.0109593
0.0111513
0.00830489
0.00847891
0.00874292
0.00890794
0.00913594
0.00939995
0.00960096
0.00977498
0.009985
0.010177
0.010423
0.010615
0.0108971
0.0114461
0.0116291
0.0118571
0.0013461
0.0067738
0.00739483
0.00764085
0.00792285
0.00820487
0.00845088
0.00866089
0.0089429
0.00914392
0.00938994
0.00990296
0.010488
0.010761
0.010908
0.0110731
0.00487649
0.00678477
0.00811097
0.00834799
0.008576
0.00874101
0.00900502
0.00924203
0.00941604
0.00968905
0.00989907
0.0101451
0.0104001
0.0106461
0.0108201
0.0110572
0.0032484
0.00794808
0.0081851
0.00835912
0.00853313
0.00875215
0.00903416
0.00920817
0.00949018
0.00971819
0.0098922
0.0101652
0.0103302
0.0104772
0.0107503
0.0109513
0.00293948
0.0089344
0.00921641
0.00946242
0.00969043
0.00988244
0.0100655
0.0102215
0.0103955
0.0105425
0.0108065
0.0110525
0.0112085
0.0114816
0.0121026
0.0122496
0.00298998
0.00383609
0.00678657
0.00703258
0.00717959
0.00783066
0.00831671
0.00856273
0.00913876
0.00940278
0.0095588
0.0100858
0.0102508
0.0104248
0.0106168
0.0108539
0.00144305
0.0062076
0.00658265
0.00685567
0.00706568
0.00804377
0.00874286
0.00926489
0.00993095
0.010186
0.010423
0.010597
0.010798
0.011071
0.011272
0.011464
0.00686893
0.00715094
0.00735196
0.00757097
0.008084
0.00871405
0.00891507
0.00917909
0.0093261
0.00948212
0.00971913
0.00990214
0.0101031
0.0103492
0.0105052
0.0119213
0.00623364
0.00650665
0.00674366
0.00700768
0.00761075
0.00885684
0.00906685
0.00925887
0.00950488
0.0097059
0.00987091
0.0101439
0.010657
0.010921
0.011167
0.0122411
0.00361737
0.00386338
0.00708573
0.00795594
0.00812996
0.00873302
0.00901503
0.00960906
0.00979207
0.0100561
0.0102751
0.0105211
0.0107491
0.0109591
0.0112142
0.0113792
0.00508747
0.00711082
0.00786795
0.008219
0.00850101
0.00871102
0.00892103
0.00913105
0.00939506
0.00960508
0.00976109
0.0103821
0.0109042
0.0111502
0.0113332
0.0116153
0.00563053
0.00629264
0.0101281
0.0103921
0.0106021
0.0108842
0.0111032
0.0113042
0.0115232
0.0117602
0.0119342
0.0121352
0.0124083
0.0126633
0.0132754
0.0135214
0.00303627
0.00859112
0.00881013
0.00902014
0.00923915
0.00949417
0.00970418
0.0099412
0.0101872
0.0103702
0.0105443
0.0108173
0.0110363
0.0113093
0.0114743
0.0117563
0.00481656
0.00754194
0.00775196
0.00801597
0.00827998
0.00889201
0.00909302
0.00936603
0.00953105
0.00981306
0.0100141
0.0101971
0.0106922
0.0108662
0.0110582
0.0113132
0.0011431
0.00725488
0.00742889
0.0076209
0.00783991
0.00801392
0.00867996
0.00887197
0.00952905
0.00969407
0.00994908
0.0101591
0.0103151
0.0104621
0.0106361
0.0108732
0.00544771
0.00609581
0.00626983
0.00642584
0.00667185
0.00705586
0.00730188
0.00769796
0.00876312
0.00899113
0.00913815
0.00939316
0.00967517
0.00982219
0.0100952
0.0102512
0.000659078
0.00362843
0.00571175
0.00723596
0.00863808
0.00892009
0.0091481
0.00939412
0.00965813
0.0104532
0.0106182
0.0108462
0.0110293
0.0119353
0.0121994
0.0123554
0.00686382
0.00713684
0.00812394
0.00835196
0.00850797
0.00878098
0.00892799
0.009093
0.00929401
0.00944103
0.00961505
0.00985207
0.0104011
0.0106112
0.0108032
0.0109772
0.00639675
0.00734796
0.00787901
0.00809803
0.00836205
0.00860806
0.00879107
0.00899208
0.0091931
0.00940312
0.00955013
0.00973315
0.00988016
0.0101352
0.0103272
0.0105282
0.00500059
0.0053936
0.00623673
0.00673178
0.0071338
0.00736182
0.00758083
0.00790188
0.00822292
0.00916508
0.0093751
0.00958511
0.0101342
0.0102902
0.0104372
0.0107192
0.00345032
0.00710686
0.00748193
0.00801295
0.00819597
0.00870899
0.008955
0.00910201
0.00925802
0.00945904
0.00968705
0.00994207
0.0101251
0.0103351
0.0105181
0.0106651
0.00583265
0.00606066
0.00623467
0.00858393
0.00918703
0.00975205
0.00989906
0.0100461
0.0102921
0.0104391
0.0108092
0.0110372
0.0112652
0.0114212
0.0119343
0.0120813
0.000892125
0.00225621
0.00737481
0.00753083
0.00859098
0.00892105
0.00906806
0.00927807
0.00947008
0.0096711
0.00982711
0.0100011
0.0102291
0.0104032
0.0106582
0.0121822
0.00155413
0.00653783
0.00735396
0.007748
0.00809602
0.00829703
0.00857005
0.00883406
0.00910707
0.00937108
0.00959009
0.00974611
0.0100011
0.0102561
0.0104482
0.0110062
0.00611876
0.0073099
0.00774195
0.00793396
0.00818897
0.00833598
0.00857299
0.008774
0.00902902
0.00923904
0.00943105
0.00968607
0.00990509
0.0101871
0.0104331
0.0106791
0.00618371
0.00703879
0.0073118
0.00750382
0.00772284
0.00800486
0.00821487
0.00890796
0.00991302
0.010123
0.010342
0.0105341
0.0106811
0.0109091
0.0111551
0.0114011
0.00166911
0.0074198
0.00761181
0.00798786
0.00820687
0.00840787
0.00857288
0.0087289
0.00895691
0.00917593
0.00943095
0.00964097
0.00992298
0.01007
0.010217
0.010364
0.00437951
0.00805503
0.00830104
0.00857405
0.00917711
0.00945913
0.00965114
0.0101822
0.0103652
0.0105662
0.0108482
0.0111213
0.0112773
0.0115233
0.0117243
0.0118893
0.000650098
0.00725281
0.00747182
0.00768183
0.00790084
0.00806586
0.00867794
0.00886095
0.00908896
0.00931697
0.00956299
0.00973701
0.00992902
0.010166
0.0103761
0.0105231
0.00625966
0.00659171
0.00784688
0.0080119
0.00821292
0.00837793
0.00863294
0.00886995
0.00905296
0.00922697
0.009884
0.010166
0.010367
0.010595
0.0108501
0.0110871
0.00692781
0.00730386
0.0076279
0.00783791
0.00815893
0.00835094
0.00850696
0.00877097
0.00898998
0.009263
0.00949102
0.00970103
0.00986605
0.0101211
0.0103851
0.0105591
0.00714596
0.00756398
0.00805004
0.00831405
0.00847906
0.00864407
0.00881809
0.0089741
0.00918212
0.00936014
0.00959716
0.00984317
0.0100802
0.0102992
0.0105362
0.0108092
0.00230721
0.00600969
0.00617471
0.00645672
0.00678674
0.00730882
0.00816989
0.00864692
0.00892894
0.00921096
0.00983201
0.0107111
0.0109211
0.0111221
0.0113592
0.0115782
0.00497558
0.00514059
0.00582166
0.00615168
0.00670972
0.00695574
0.00787085
0.00829086
0.00847388
0.00900496
0.00969209
0.00990211
0.0106882
0.0108352
0.0109912
0.0112642
0.00656281
0.00678182
0.00698283
0.00725584
0.00748385
0.00765787
0.00788588
0.00847091
0.00909197
0.00934699
0.00993202
0.010205
0.0103521
0.0105801
0.0107361
0.0110091
0.00179623
0.00769491
0.00786893
0.00823494
0.00848996
0.009012
0.00929401
0.00945903
0.00974105
0.00994206
0.0104911
0.0111002
0.0114753
0.0117874
0.0120244
0.0121804
0.0070248
0.00728882
0.00790085
0.00812886
0.00876794
0.00896895
0.00916096
0.00942497
0.00957199
0.0104871
0.0107691
0.0109701
0.0111352
0.0114172
0.0116792
0.0119292
0.000713078
0.00527444
0.00543945
0.00576051
0.00591652
0.00659457
0.00974602
0.00997404
0.0102201
0.0107691
0.0109161
0.0111621
0.0113901
0.0115462
0.0117382
0.0119572
0.0039755
0.00689884
0.00718085
0.00737287
0.00795792
0.00812293
0.00827894
0.00859095
0.00882797
0.00904698
0.00923
0.00937702
0.00957803
0.00977905
0.0100521
0.0104931
0.000840077
0.00286529
0.00650881
0.00701286
0.00802099
0.00860605
0.00875306
0.00894507
0.00930211
0.00956612
0.00981213
0.00999515
0.0102682
0.0105322
0.0106882
0.0108712
0.00360041
0.0067909
0.00785002
0.00813203
0.00830604
0.00845305
0.00907408
0.0093021
0.00944912
0.00959614
0.00974315
0.00998917
0.0102442
0.0104272
0.0105922
0.0107572
0.00669473
0.00715382
0.00751289
0.00794497
0.00818199
0.008356
0.00857502
0.00879403
0.00906705
0.00925907
0.00952308
0.0097781
0.0100151
0.0101801
0.0103541
0.0105731
0.00223914
0.00601171
0.00626672
0.00830003
0.00851005
0.00878306
0.00894807
0.00915808
0.00937709
0.00963211
0.00986912
0.0101511
0.0105652
0.0107482
0.0111353
0.0113543
0.00553953
0.00579454
0.00677267
0.00698268
0.00780776
0.00799078
0.00813779
0.00871987
0.00955003
0.00978704
0.0103271
0.0105371
0.0107381
0.0109931
0.0112302
0.0115122
0.00546183
0.00610693
0.00694409
0.00735511
0.00751112
0.00770313
0.00818916
0.00834517
0.00851018
0.00924222
0.00947024
0.00965325
0.0100463
0.0105234
0.0107064
0.0110135
0.00100855
0.00362801
0.00608151
0.00756366
0.00781868
0.00832676
0.00854578
0.00872878
0.00891179
0.00947884
0.00966185
0.00987187
0.0101089
0.0103729
0.0109399
0.0112219
0.00425839
0.0069757
0.00720371
0.00752879
0.0077478
0.00831185
0.00886094
0.00936497
0.00962899
0.009839
0.010103
0.010331
0.0105861
0.0108591
0.0110331
0.0112521
0.00121316
0.00613362
0.00636164
0.00909095
0.00934597
0.00971203
0.00998505
0.0102221
0.0103961
0.0106691
0.0109151
0.0111611
0.0113801
0.0116532
0.0119172
0.0120732
0.00201233
0.00440763
0.00455463
0.00516968
0.00641491
0.00799114
0.00814715
0.00840216
0.00858517
0.00875019
0.0091522
0.00938022
0.00963523
0.00980024
0.0103583
0.0113804
0.00579427
0.00658633
0.00676934
0.00697935
0.00716237
0.00732739
0.0076094
0.00868948
0.00890849
0.00980261
0.0100126
0.0102676
0.0105226
0.0106697
0.0109067
0.0111347
0.000979065
0.00564775
0.00590276
0.00642485
0.00658986
0.00700088
0.00811401
0.00828802
0.00843504
0.00900213
0.00946116
0.00967118
0.00988119
0.0104392
0.0106403
0.0108593
0.00437444
0.00453945
0.00844406
0.00859107
0.00880109
0.0089481
0.00921212
0.00962313
0.00978814
0.00994416
0.0101722
0.0104362
0.0106822
0.0109372
0.0111472
0.0117143
0.00619265
0.0066787
0.0069427
0.00713472
0.0077828
0.00800181
0.00820283
0.00842185
0.00913598
0.00936399
0.009565
0.00991305
0.0101051
0.0103241
0.0105521
0.0107981
0.00655682
0.00777494
0.00800295
0.00821297
0.00836898
0.008642
0.00883401
0.00900803
0.00922704
0.00937405
0.00952106
0.00971307
0.0105291
0.0107662
0.0109852
0.0112132
0.0038303
0.00511156
0.00752992
0.00778493
0.00814196
0.00833398
0.00848099
0.00869101
0.00887403
0.00906604
0.00923106
0.00945907
0.00963308
0.00979809
0.0099451
0.0102001
0.00618784
0.00641584
0.00660785
0.00681786
0.00696487
0.00713888
0.0075589
0.00777792
0.00796993
0.00813495
0.00870198
0.008939
0.00911301
0.00938603
0.00986311
0.0100551
0.00336528
0.00563358
0.00703776
0.00771279
0.00826182
0.00840884
0.00877493
0.00937594
0.00955895
0.00978696
0.010481
0.0107091
0.0109821
0.0112011
0.0114021
0.0116121
0.00634673
0.00655674
0.00673975
0.00696776
0.00756185
0.00886998
0.009152
0.00930801
0.00946403
0.00962004
0.00990206
0.0101751
0.0103221
0.0105051
0.0107781
0.0109701