RTT
0.0997839
0.0997869
0.0997898
0.0997936
0.0997975
0.0998007
0.0998046
0.0998084
0.0998124
0.0998155
0.0998193
0.0998226
0.0998264
0.0998297
0.0998328
0.0998357
0.0998448
0.104492
0.104495
0.104505
0.110573
0.110576
0.110579
0.110582
0.110585
0.110602
0.111646
0.111649
0.111652
0.111655
0.111659
0.111659
0.111659
0.112606
0.112609
0.112612
0.112615
0.112618
0.112622
0.112635
0.113355
0.113358
0.113361
0.113364
0.113367
0.11337
0.113374
0.113384
0.114898
0.114902
0.114905
0.114908
0.114912
0.114915
0.114919
0.114923
0.114927
0.11493
0.114933
0.114937
0.11494
0.114958
0.11566
0.115673
0.116271
0.11774
0.118306
0.118309
0.118312
0.118317
0.118894
0.118898
0.118901
0.118906
0.133134
0.0331459
0.133588
0.133591
0.033594
0.0335971
0.0336002
0.033617
0.0340358
0.0340389
0.0340435
0.034049
0.0342041
0.0342072
0.0342099
0.034213
0.0342157
0.0342188
0.034233
0.0344058
0.0344096
0.0344134
0.0344165
0.0344204
0.0344242
0.0344273
0.0344311
0.0344349
0.034438
0.0344415
0.0344453
0.034451
0.0356393
0.0356421
0.0356451
0.0356482
0.035651
0.0356682
0.0382378
0.0382606
0.039369
0.039372
0.0393751
0.0393782
0.0393809
0.0393844
0.0393978
0.0397519
0.0399529
0.040105
0.0401081
0.0401179
0.0411012
0.0411043
0.0411074
0.0411113
0.041114
0.0485056
0.049417
0.0494203
0.0494235
0.0494297
0.0514541
0.0519214
0.0519241
0.0519269
0.0519308
0.0519339
0.0519502
0.0521992
0.0524898
0.0524925
0.0524956
0.0525022
0.0532353
0.0536413
0.00273549
0.0141215
0.0145986
0.0156997
0.0163747
0.0165847
0.0168487
0.0170497
0.0173228
0.0178718
0.0184749
0.0186669
0.00655466
0.00670166
0.00689368
0.00712169
0.0073857
0.00755072
0.00774273
0.00802474
0.00819875
0.00835476
0.00861878
0.0087658
0.000838062
0.00582248
0.00621149
0.0076006
0.00788262
0.00806563
0.00824864
0.00840465
0.00863267
0.00917271
0.00938272
0.0112218
0.00229816
0.00724867
0.00769169
0.0078657
0.00810271
0.00824973
0.00841474
0.00864276
0.00887077
0.00903578
0.00930879
0.00950081
0.00214919
0.0059496
0.00621361
0.00646862
0.0070897
0.00800178
0.0081578
0.00832281
0.00855082
0.00879684
0.00896185
0.00922587
0.00534752
0.00639054
0.00660955
0.00679256
0.00697557
0.00712259
0.00764466
0.00782767
0.00806469
0.0082297
0.00864072
0.00918075
0.000652064
0.0063846
0.00661261
0.00676863
0.00710264
0.00730365
0.00768774
0.00793375
0.00817076
0.00841677
0.00863579
0.0121548
0.00343738
0.00371939
0.00510649
0.00609658
0.0074557
0.00767471
0.00784872
0.00803173
0.00869375
0.00893077
0.00912279
0.00982482
0.00297925
0.00598552
0.00621353
0.00737361
0.00754762
0.00782963
0.00854369
0.00878071
0.00894572
0.00911974
0.00935675
0.0103799
0.912678
1.01509
1.01511
1.01757
1.01799
0.918002
1.01827
0.918287
0.93412
0.00190919
0.00645567
0.00666568
0.00707671
0.00728672
0.00763476
0.00823481
0.00869583
0.00887884
0.00915185
0.00939787
0.00955388
0.00174818
0.00610557
0.00648959
0.0082327
0.00846071
0.00860772
0.00877274
0.00970583
0.0101739
0.0105519
0.0109229
1.0114
0.911402
0.811409
0.011676
0.00819286
0.00844788
0.00896092
0.00923394
0.00944395
0.00971696
0.00991797
0.0102
0.010401
0.010647
0.010866
0.011103
0.0112771
0.00298624
0.00727573
0.00745874
0.00760576
0.00786977
0.00803478
0.00818179
0.00883882
0.00911183
0.00925884
0.00952285
0.00973286
0.00987988
0.00122013
0.00617761
0.00713967
0.00728669
0.0074697
0.00769771
0.00793473
0.00850175
0.00876576
0.00898477
0.00923978
0.0101998
0.0104279
0.00650644
0.00883377
0.00907978
0.0093528
0.00950881
0.00965583
0.00990185
0.0100939
0.0103309
0.0105949
0.0108679
0.0110779
0.0112339
0.00275726
0.00710075
0.00751178
0.00767679
0.0078598
0.00842686
0.00870888
0.00899089
0.00923691
0.00945592
0.00969293
0.00992094
0.0101039
0.000703052
0.00197416
0.00663574
0.00701076
0.00717577
0.00739479
0.0076408
0.00778782
0.00797083
0.00858286
0.00982801
0.010011
0.010194
0.00643853
0.0073326
0.00761461
0.0085837
0.00874871
0.00892273
0.00907874
0.00928875
0.00945376
0.00995785
0.0101949
0.0104499
0.0106149
0.00262021
0.0065206
0.00667661
0.00685962
0.00702464
0.00742665
0.00769966
0.00834774
0.00855776
0.00872277
0.00888779
0.00911581
0.00957683
0.00625868
0.00790877
0.00806478
0.00826579
0.00843981
0.00869483
0.00895885
0.00915986
0.00931587
0.00954389
0.0097809
0.0100539
0.0102279
0.00688363
0.00705765
0.00727666
0.00751367
0.00766969
0.0078527
0.00804471
0.00825472
0.00845574
0.00870175
0.00892976
0.00914877
0.00937679
0.00158603
0.00814266
0.00834367
0.00860768
0.00942378
0.00959779
0.0098258
0.0100538
0.0102998
0.0105458
0.0107109
0.0108939
0.0110499
0.00151798
0.00809051
0.00877459
0.00893961
0.00944062
0.00968664
0.00995965
0.0101157
0.0103437
0.0104997
0.0107547
0.0110097
0.0112197
0.00243792
0.00660519
0.0067702
0.00726527
0.00799433
0.00816834
0.00836036
0.00885545
0.00921247
0.00941348
0.00961449
0.0098605
0.0104906
0.000668612
0.00606222
0.00670126
0.00698327
0.00720228
0.00736729
0.00839701
0.00891906
0.00917408
0.00945609
0.0096211
0.00988511
0.0102871
0.000828218
0.00522355
0.00582961
0.0079918
0.0086969
0.00910796
0.00937197
0.00961798
0.00984599
0.010386
0.0109401
0.0111501
0.0113871
0.000674179
0.0061987
0.00634572
0.00659173
0.00687374
0.00723076
0.0077528
0.00803482
0.00831683
0.00848184
0.00868285
0.00944193
0.00959794
0.00291221
0.00672672
0.00721473
0.00743374
0.00763475
0.00799177
0.00824678
0.0085108
0.00879281
0.00901183
0.00921284
0.00943186
0.00964187
0.000687064
0.00672568
0.00692669
0.00708271
0.00786878
0.0081238
0.00874385
0.00914891
0.00940392
0.00958693
0.00981494
0.010016
0.010226
0.00280524
0.00742675
0.00867986
0.00892587
0.00911788
0.0092919
0.00946591
0.00972993
0.00997594
0.010204
0.010405
0.010552
0.010825
0.0037753
0.00803479
0.0082178
0.00838281
0.00855682
0.00871283
0.00894984
0.00922285
0.00949587
0.00975988
0.0099339
0.0101979
0.0103449
0.00111912
0.00579756
0.00759571
0.00775173
0.00803374
0.00841776
0.00864577
0.00918586
0.00943187
0.00963289
0.0097889
0.010455
0.010737
0.00626849
0.00690752
0.00727354
0.00751055
0.00767556
0.00827865
0.00870766
0.00888167
0.00915468
0.0093467
0.00987777
0.0100338
0.0111888
0.00389134
0.0064976
0.00691762
0.00710962
0.00738263
0.00756565
0.00796271
0.00888682
0.00905183
0.00962787
0.00988289
0.0101559
0.0104109
0.00543352
0.00562553
0.00579954
0.00627961
0.00761167
0.00779468
0.0081517
0.00851772
0.00947784
0.0100629
0.0102549
0.0104379
0.0106479
0.00350429
0.00528942
0.00683958
0.00744266
0.00770666
0.00788968
0.00843875
0.00865776
0.00887677
0.00906879
0.0093508
0.00957882
0.00984083
0.00668664
0.00685165
0.00825876
0.00846878
0.00869679
0.00892481
0.00917081
0.00937183
0.00963584
0.00978286
0.0100559
0.0102209
0.0103949
0.00314218
0.00631152
0.0079457
0.0081197
0.00834772
0.00849473
0.00865075
0.00891476
0.00912478
0.00937979
0.0095358
0.00974582
0.00997384
0.00092507
0.00184315
0.00516647
0.00673867
0.00753375
0.00866785
0.00934292
0.00948993
0.00974495
0.010188
0.010407
0.010644
0.010845
0.00463543
0.00749374
0.00765875
0.00790477
0.00806077
0.0084358
0.00866381
0.00891882
0.00914683
0.00929384
0.00946785
0.00968687
0.010227
0.00379121
0.00755253
0.00857563
0.0092237
0.00945171
0.00965272
0.00988973
0.0101357
0.0103638
0.0106098
0.0107568
0.0109218
0.0112198
0.00544153
0.00590961
0.00607462
0.00624863
0.00644064
0.00670464
0.00749068
0.00830074
0.00850175
0.00864876
0.00917678
0.0094588
0.0104159
0.00587459
0.00656166
0.00672667
0.00700868
0.0072277
0.00818777
0.00875486
0.00902788
0.00928289
0.00954691
0.00979292
0.0100749
0.0103389
0.000651048
0.00853869
0.0087307
0.00897671
0.00948977
0.00967278
0.00990979
0.0100928
0.0103658
0.0105938
0.0107948
0.0109689
0.0112239
0.00305741
0.0066288
0.00776787
0.00816988
0.00838889
0.00865291
0.00915394
0.00978999
0.010393
0.010549
0.010714
0.010987
0.0112241
0.00613448
0.00693449
0.00708151
0.00734552
0.00752853
0.00814659
0.00873167
0.00907074
0.00921775
0.00939176
0.00961977
0.00982079
0.0101508
0.00762068
0.00784869
0.00802271
0.00819673
0.00845174
0.00865275
0.00891676
0.00918978
0.00933679
0.0095558
0.00981982
0.0100208
0.0102398
0.00616454
0.00725062
0.00748763
0.00763464
0.00789866
0.00856474
0.00875675
0.0093688
0.00962382
0.00981583
0.0100888
0.0102629
0.0104369
0.00592059
0.00640867
0.00680471
0.00766675
0.00875585
0.00919386
0.00937687
0.00957788
0.010725
0.01089
0.011163
0.011364
0.011538
0.00522261
0.00667376
0.00699479
0.00715079
0.00732481
0.00748982
0.00765483
0.00790984
0.00815586
0.00922488
0.0093899
0.00955491
0.00975593
0.00180317
0.00771278
0.00795879
0.0081328
0.00836081
0.00855283
0.00878084
0.00906286
0.00928187
0.00945588
0.00965689
0.00989391
0.0100859
0.00569356
0.00587658
0.00613159
0.0063506
0.00650662
0.0071727
0.00803379
0.00893086
0.00914087
0.00935989
0.0096239
0.00979792
0.00996293
0.00195117
0.00562047
0.00644251
0.00742065
0.00982587
0.00998189
0.0102099
0.0104739
0.0106569
0.0109029
0.011131
0.011296
0.011506
0.00113508
0.00670857
0.00686457
0.00760566
0.00785168
0.0080437
0.00830771
0.00845473
0.00862874
0.00880275
0.00902176
0.00953485
0.0107619
0.000837062
0.00667581
0.00682283
0.00708684
0.00811894
0.00826596
0.00853896
0.00876698
0.00894099
0.009214
0.00968402
0.0102781
0.0104971
0.00758973
0.00804877
0.00824079
0.0085048
0.00886183
0.00904484
0.00924585
0.00940186
0.00963888
0.00985789
0.0100319
0.0105469
0.0111019
0.00383125
0.00780569
0.00809471
0.00836272
0.00862673
0.00887274
0.00910976
0.00926577
0.00941278
0.0096408
0.00992281
0.0105138
0.0107418
0.0062886
0.00749966
0.00778168
0.00800969
0.00817471
0.00836672
0.00861274
0.00884076
0.00910476
0.00927878
0.00951579
0.00966281
0.0103769
0.00512443
0.00565546
0.00580247
0.00596749
0.00636352
0.0083957
0.00854271
0.00880672
0.00973082
0.00997683
0.0101508
0.0103879
0.0106609
0.00596466
0.00647769
0.0066517
0.00733877
0.00756679
0.0078038
0.0089349
0.00908191
0.00935492
0.00956494
0.00977495
0.010057
0.010249
0.00173911
0.00670865
0.00843279
0.00862481
0.00905686
0.00929387
0.00956688
0.00975889
0.0100139
0.0101699
0.0103529
0.010617
0.010827
0.00604865
0.00689769
0.00714371
0.00736272
0.00755474
0.00775575
0.00793876
0.00813977
0.0086438
0.00884481
0.00905482
0.00921983
0.00948385
0.00650562
0.00668863
0.00721966
0.00777769
0.00799671
0.00817072
0.00836273
0.00851874
0.00878276
0.00901977
0.00920279
0.00943981
0.00971282
0.00532848
0.00782275
0.00807777
0.00830578
0.00847079
0.00897583
0.00935986
0.00963287
0.00987888
0.0101519
0.0104159
0.0106259
0.01161
0.0014081
0.00729751
0.00754352
0.0084156
0.00881763
0.00904564
0.00928265
0.00943866
0.00963967
0.00986768
0.0100957
0.0103327
0.0109088
0.00499535
0.0071875
0.00788355
0.00808456
0.00834857
0.00852259
0.0086696
0.00894261
0.00913462
0.00959963
0.00984565
0.0100197
0.0105237
0.00168685
0.00687531
0.00744733
0.00798741
0.00861745
0.00879146
0.00897446
0.00921148
0.00944849
0.00970351
0.0103426
0.0105076
0.0107176
0.00070663
0.00767245
0.00795447
0.00820048
0.00848249
0.0087015
0.00930501
0.00958702
0.00983303
0.0101151
0.0103161
0.0105711
0.0108441
0.00645568
0.00691169
0.0071667
0.00767073
0.00830679
0.0085258
0.00878082
0.00948285
0.010416
0.010572
0.0108
0.011082
0.011678
0.00606263
0.00631764
0.00652765
0.00705872
0.00808276
0.00864079
0.0087878
0.00898882
0.00921683
0.00969389
0.0099129
0.0101409
0.011467
0.00494755
0.00621464
0.00644265
0.00662567
0.00703668
0.0072107
0.00784972
0.00806873
0.00826073
0.00840774
0.00868976
0.00932287
0.00995392
0.00295621
0.00834265
0.00849866
0.00877168
0.00905369
0.0092547
0.00990275
0.0101488
0.0103498
0.0105688
0.0108328
0.0110248
0.0112438
0.000848101
0.00616157
0.00644358
0.00659959
0.00714161
0.00802072
0.00827574
0.00852175
0.00878576
0.00898678
0.00914279
0.0093618
0.00958982
0.00405643
0.0066897
0.00745773
0.00763175
0.00779676
0.00804277
0.00828878
0.0084808
0.00893282
0.00911583
0.00933484
0.0100759
0.011114
0.00129215
0.00650969
0.0067107
0.00687572
0.00707673
0.00766176
0.00791678
0.00846182
0.00866284
0.00892685
0.00908286
0.00943087
0.00997992
0.00568557
0.00617358
0.0063476
0.00658461
0.00695063
0.00777268
0.00869673
0.00910176
0.00950679
0.0096988
0.00985482
0.0101278
0.0102748
0.00277625
0.00724274
0.00764776
0.00786678
0.00806779
0.00844287
0.00901892
0.00925594
0.00948395
0.00974797
0.010003
0.010276
0.010495
0.00785585
0.00857888
0.00911893
0.00937395
0.00954796
0.00984401
0.01
0.010174
0.0105971
0.0108701
0.0110621
0.0112991
0.0114911