RTT
0.0117264
0.0135825
0.0142125
0.0161915
0.0185486
0.0215817
0.0218458
0.0225298
0.0247609
0.142878
0.145296
0.145878
0.149061
0.158731
0.165676
0.169714
0.179756
0.104009
0.094234
0.109376
0.0911974
0.155241
0.207758
0.208115
0.160722
0.179214
0.184574
0.239953
0.0937031
0.244312
0.248719
0.203129
0.162214
0.26402
0.165466
0.168847
0.180913
0.233772
0.28457
0.152799
0.102964
0.208128
0.212949
0.126608
0.227019
0.206145
0.207141
0.457831
0.209673
0.262946
0.213609
0.217234
0.220921
0.332222
0.0878976
0.195689
0.198224
0.204734
0.206342
0.407014
0.259549
0.22346
0.130324
0.186765
0.090346
0.242395
0.197432
0.10164
0.202295
0.20246
0.206717
0.262366
0.214253
0.214638
0.218289
0.173812
0.226014
0.184156
0.189607
0.2027
0.205902
0.209481
0.162808
0.222975
0.174106
0.0796562
0.186034
0.189739
0.198515
0.099001
0.199175
0.202556
0.153516
0.154155
0.166149
0.184876
0.185719
0.0883436
0.194407
0.196573
0.208093
0.210889
0.176096
0.182195
0.182615
0.185915
0.186632
0.0891942
0.197
0.154865
0.160775
0.216703
0.177185
0.0836535
0.186719
0.187278
0.187443
0.188925
0.189966
0.0921767
0.155573
0.156956
0.157889
0.1583
0.15872
0.0742421
0.176075
0.185117
0.0855282
0.186713
0.149994
0.154622
0.161018
0.162824
0.167573
0.183852
0.190392
0.0948976
0.145543
0.154587
0.106033
0.156525
0.158646
0.159768
0.169323
0.181218
0.158626
0.160162
0.165271
0.166582
0.169828
0.178168
0.178805
0.0913385
0.103525
0.154525
0.155039
0.915042
0.965056
0.0668474
0.178238
0.184382
0.185244
0.0856725
0.186777
0.188457
0.18957
0.19395
0.153268
0.158047
0.163111
0.168409
0.175264
0.185953
0.0901175
0.194065
0.0949805
0.152437
1.11632
0.068535
0.171754
0.179671
0.187138
0.187612
0.0925682
0.14306
0.14663
0.159918
0.162246
0.215177
0.221159
0.0742342
0.180486
0.0834533
0.186492
0.187623
0.154301
0.155081
0.156635
0.165254
0.174026
0.174449
0.074596
0.076807
0.182672
0.188996
0.143511
0.153846
0.159396
0.159798
0.179073
0.18123
0.187599
0.188019
0.141112
0.0914782
0.149926
0.152962
0.155542
0.159337
0.109685
0.166405
0.182755
0.187747
0.0904978
0.152398
0.104051
0.159537
0.167283
0.17124
0.177213
0.178452
0.187233
0.195978
0.15325
0.153469
0.154588
0.164449
0.168757
0.175423
0.193519
0.194821
0.148139
0.154338
0.161037
0.168342
0.172245
0.176094
0.177315
0.179247
0.181746
0.186135
0.0868793
0.143779
0.144694
0.145105
0.148288
0.148853
0.102666
0.162026
0.167396
0.177806
0.178172
0.185936
0.145059
0.147378
0.152838
0.166515
0.173622
0.178893
0.182238
0.184161
0.146866
0.14734
0.153689
0.157529
0.16487
0.1778
0.181217
0.183464
0.183875
0.186527
0.148818
0.161477
0.171903
0.177138
0.187224
0.187626
0.144805
0.149104
0.152925
0.154277
0.155918
0.162494
0.174056
0.18092
0.183491
0.233848
0.237355
0.238162
0.146709
0.148245
0.151953
0.20295
0.272836
0.173238
0.174342
0.181098
0.182715
0.184242
0.185958
0.188322
0.147949
0.14845
0.152531
0.154688
0.155531
0.165698
0.16619
0.169895
0.177794
0.194378
0.095491
0.147414
0.148356
0.150027
0.152365
0.103034
0.15839
0.178773
0.180201
0.185724
0.187746
0.0916672
0.142186
0.19257
0.146392
0.104248
0.16968
0.176355
0.182643
0.185448
0.187245
0.0884119
0.145402
0.149737
0.157237
0.209106
0.166663
0.182532
0.182943
0.185145
0.188562
0.142654
0.0930562
0.165924
0.166107
0.166353
0.166581
0.0833528
0.0835268
0.183857
0.184639
0.185155
0.187564
0.156662
0.0698624
0.172761
0.175545
0.180807
0.182262
0.0832401
0.187701
0.189795
0.190557
0.141958
0.196995
0.147559
0.155703
0.0113991
0.0134971
0.0140361
0.16436
0.165044
0.0159122
0.0167582
0.0169322
0.0178283
0.0187633
0.021604
0.121618
0.128136
0.182147
0.135317
0.185563
0.186415
0.138125
0.0897686
0.143429
0.152246
0.15374
0.155087
0.158036
0.15878
0.159605
0.164717
0.164882
0.165047
0.168482
0.170306
0.0712754
0.174199
0.175744
0.176111
0.077765
0.088076
0.19044
0.0907611
0.0915322
0.191916
0.0932542
0.0955372
0.100016
0.206164
0.106374
0.10653
0.156887
0.15749
0.012146
0.013484
0.015119
0.0156201
0.118119
0.0192861
0.0200571
0.0204051
0.0753701
0.0271041
0.181322
0.181679
0.18254
0.18296
0.183731
0.18506
0.0859843
0.186773
0.0375174
0.0457584
0.148734
0.080363
0.0811701
0.0815181
0.182739
0.183474
0.0852262
0.0864203
0.0871463
0.190311
0.0910373
0.0953993
0.0979253
0.0983364
0.154326
0.0110322
0.0118363
0.0127663
0.0132223
0.0143554
0.0167734
0.0171304
0.0182816
0.120187
0.0260606
0.178407
0.180168
0.182469
0.18288
0.183255
0.184098
0.192798
0.14779
0.154683
0.0680723
0.0778434
0.0807384
0.183276
0.0864231
0.0887151
0.0894951
0.0898702
0.147283
0.147604
0.0986542
0.154797
0.106526
0.00669097
0.00735507
0.00782008
0.108346
0.110281
0.0106562
0.0111392
0.0127112
0.165444
0.0175383
0.0178773
0.170331
0.0241354
0.0247714
0.12664
0.177879
0.178803
0.179781
0.180868
0.183268
0.145685
0.150029
0.153803
0.079927
0.085037
0.087644
0.0880101
0.0885111
0.0898671
0.141403
0.0967102
0.148777
0.00632391
0.106588
0.00694494
0.108769
0.00917116
0.159672
0.0100202
0.11044
0.161931
0.0133773
0.0145983
0.0149914
0.118192
0.0203134
0.0227584
0.0752754
0.178449
0.179742
0.182457
0.182815
0.188752
0.0970106
0.19978
0.15464
0.154961
0.0737591
0.0753311
0.181646
0.0824262
0.0835032
0.090695
0.0922131
0.0929301
0.145078
0.105447
0.00618491
0.00699797
0.107829
0.00903803
0.110466
0.110985
0.0118371
0.112131
0.0131091
0.0136371
0.0161631
0.166727
0.0171112
0.0722382
0.0260782
0.181727
0.182066
0.184214
0.185795
0.0874033
0.188264
0.189926
0.0902835
0.154815
0.158106
0.180036
0.091907
0.093641
0.0943401
0.0957501
0.0961071
0.0082289
0.10843
0.00870293
0.00887694
0.109069
0.109297
0.159462
0.109627
0.0100291
0.160431
0.0107521
0.0115141
0.0119161
0.0133262
0.0138662
0.114031
0.164451
0.0148532
0.0164972
0.169122
0.0194613
0.1725
0.131605
0.187686
0.0912114
0.195969
0.155368
0.163267
0.0706799
0.0789209
0.187756
0.189688
0.091503
0.0931941
0.0939651
0.0975891
0.106912
0.0077668
0.00802181
0.00829482
0.0119979
0.0123909
0.0153309
0.016588
0.16915
0.020038
0.170665
0.174316
0.0266441
0.178792
0.17914
0.183862
0.184273
0.189076
0.0900093
0.190393
0.140768
0.146084
0.10585
0.173955
0.0877759
0.191832
0.194511
0.094886
0.0957561
0.0961491
0.148675
0.152607
0.105294
0.00637185
0.107268
0.108175
0.109531
0.00974995
0.110071
0.0116511
0.0130251
0.0144621
0.0154152
0.0158352
0.116552
0.17131
0.172477
0.176731
0.0879604
0.19072
0.196738
0.0984905
0.199604
0.151154
0.104987
0.0679619
0.0732869
0.073698
0.174055
0.078813
0.179206
0.0839911
0.0844292
0.0874862
0.0909032
0.0915123
0.0919683
0.192685
0.105013
0.205028
0.105244
0.106263
0.107231
0.0073868
0.0093919
0.00983891
0.110277
0.0116779
0.014318
0.014675
0.115842
0.016559
0.01778
0.119964
0.0203481
0.82543
0.925444
0.185947
0.0880321
0.189469
0.193075
0.194431
0.197659
0.104051
0.204435
0.205539
0.0827428
0.0838828
0.0863368
0.0955499
0.0992839
0.149893
0.100918
0.107269
0.00746077
0.00799878
0.10913
0.00950484
0.0102309
0.0105969
0.110972
0.0113829
1.11175
0.0121599
0.013599
1.016
1.116
0.916014
0.016545
0.11962
0.11995
0.171009
0.0748671
0.177276
0.0893512
0.0904012
0.191325
0.194328
0.194739
0.195249
0.196362
0.147376
0.0751688
0.0891608
0.0929558
0.0933669
0.0937239
0.194756
0.096049
0.196739
0.105263
0.206963
0.107806
0.00818089
0.00855891
0.00875092
0.159312
0.109594
0.109759
0.110488
0.11068
0.0134581
0.0144901
0.0148291
0.165303
0.0157172
0.0159092
0.116725
0.0171362
0.170391
0.173097
0.179403
0.180687
0.0913044
0.146971
0.20318
0.0705108
0.177951
0.0912319
0.194325
0.095654
0.096839
0.00690976
0.0076178
0.108028
0.108385
0.108796
0.109361
0.00964289
0.110336
0.0111069
0.011665
0.011857
0.112896
0.213262
0.0136821
0.0138831
0.0140786
0.114093
0.0142791
0.0145251
0.11478
0.115119
0.168716
0.175244
0.178274
0.0892153
0.190301
0.195779
0.197621
0.201995
0.203
0.10449
0.15482
0.155429
0.20854
0.109464
0.077956
0.0844961
0.0870401
0.0926261
0.0936222
0.0950772
0.199394
0.0998053
0.00548198
0.206423
0.00713011
0.107514
0.00813514
0.00932824
0.109739
0.0108793
0.0112723
0.0125653
0.0155953
0.0167443
0.0171283
0.0185204
0.169651
0.18655
0.189472
0.0898475
0.193724
0.195431
0.197768
0.20297
0.17515
0.187558
0.0901021
0.0931231
0.144155
0.194575
0.0977042
0.0981062
0.204929
0.20507
0.00649894
0.007141
0.107672
0.00809207
0.110094
0.110442
0.110824
0.0108381
0.161345
0.111747
0.0119122
0.0121582
0.113479
0.0139983
0.0144093
0.0167913
0.167508
0.169053
0.170301
0.177156
0.179205
0.180526
0.15199
0.202709
0.153066
0.104014
0.106018
0.00940808
0.0813561
0.0844761
0.0903591
0.0907702
0.0925132
0.0962992
0.0967103
0.147112
0.198441
0.149356
0.205215
0.00707411
0.108564
0.158578
0.108755
0.00938526
0.10955
0.0112693
0.112388
0.0128744
0.113039
0.0146654
0.0151215
0.116882
0.168626
0.0219706
0.173156
0.173576
0.0893947
0.196322
0.203809
0.0684851
0.168887
0.0746261
0.0803741
0.0817931
0.0896291
0.0910032
0.192287
0.0964873
0.154459
0.00595691
0.206537
0.107243
0.107769
0.108486
0.109318
0.00998121
0.0101462
0.11041
0.110953
0.111349
0.0117333
0.111961
0.112801
0.114905
0.015793
0.0177881
0.0181661
0.0183491
0.0187631
0.0189911
0.0219311
0.174727
0.185812
0.0862412
0.0881103
0.0896373
0.191965
0.195778
0.196171
0.198589
0.203306
0.0749959
0.0753799
0.090119
0.097262
0.098231
0.148885
0.20598
0.106647
0.108055
0.00831003
0.00852004
0.00868505
0.00897907
0.109399
0.00987309
0.110212
0.0105781
0.161178
0.06693
0.017791
0.018724
0.18385
0.0876451
0.0887941
0.192499
0.197491
0.198892
0.207732
0.0105366
0.0854726
0.0886377
0.193396
0.0943827
0.0973858
0.197806
0.198937
0.149744
0.101226
0.105175
0.205368
0.155857
0.156025
0.106758
0.107388
0.10758
0.00798177
0.00840178
0.10929
0.00964986
0.109989
0.110358
0.010613
0.110841
0.011042
0.012362
0.012764
0.1134
0.113739
0.164132
0.0149481
0.216547
0.167696
0.019015
0.17938
0.0989521
0.202761
0.0869176
0.0920626
0.0931396
0.0937667
0.196536
0.104656
0.206671
0.00686348
0.00729249
0.00859755
0.109009
0.00972558
0.0101396
0.110395
0.110806
0.111109
0.111502
0.0125697
0.112975
0.0132567
0.0137488
0.0162748
0.116659
0.0171868
0.0175168
0.022054
0.176569
0.17743
0.187192
0.189358
0.144611
0.196651
0.197971
0.199444
0.152781
0.205955
0.0743837
0.0871158
0.0902628
0.144049
0.0950989
0.195825
0.198405
0.098837
0.099065
0.153577
0.00526662
0.00725076
0.00764378
0.107854
0.00939584
0.159816
0.0116219
0.162042
0.112543
0.013332
0.164328
0.016818
0.16734
0.0176131
0.027892
0.182542
0.189865
0.19609
0.198742
0.160241
0.0725225
0.0749135
0.0764316
0.0883446
0.0933456
0.0939366
0.0954636
0.0969457
0.0978607
0.1482
0.198566
0.199742
0.200956
0.206732
0.00858462
0.00895064
0.00910665
0.109254
0.110245
0.0104908
0.0108778
0.0111058
0.11128
0.0116818
0.0123808
0.0137248
0.0140639
0.166743
0.0195569
0.0698599
0.0208289
0.126845
0.081126
0.186919
0.187699
0.193501
0.194848
0.195268
0.196444
0.148475
0.19966
0.202709
0.102874
0.170226
0.0708979
0.0801559
0.186633
0.091922
0.154573
0.155368
0.106214
0.106397
0.00861993
0.109307
0.010255
0.010501
0.161023
0.0115182
0.0120582
0.162433
0.112697
0.0129432
0.0137773
0.165484
0.0158773
0.0168643
1.01828
0.918278
0.818288
0.179587
0.182068
0.0878791
0.0882901
0.148223
0.157376
0.108345
0.0813366
0.189209
0.0918066
0.0951247
0.0968947
0.00621136
0.00698738
0.207179
0.207486
0.1075
0.107696
0.10787
0.108263
0.00915067
0.00929768
0.110075
0.0109327
0.0113078
0.0120068
0.0130838
0.164431
0.164842
0.116855
0.0203439
0.170764
0.128465
0.081456
0.235701
0.141998
0.193309
0.195466
0.197155
0.207022
0.169106
0.0699936
0.0780726
0.0935406
0.0950857
0.198953
0.199355
0.102011
0.10368
0.206839
0.00936497
0.0103291
0.110476
0.110677
0.110833
0.111166
0.111403
0.111667
0.112069
0.162238
0.112252
0.0124742
0.0127383
0.0129753
0.0133413
0.0135333
0.163854
0.16431
0.0147034
0.0150874
0.0158044
0.0181474
0.0185404
0.171228
0.0242675
0.183316
0.185248
0.189025
0.196033
0.200729
0.0724116
0.193028
0.0933667
0.143796
0.0970688
0.00670848
0.209219
0.209636
0.159651
0.109819
0.160359
0.01145
0.0117835
0.111798
0.01223
0.012413
0.012623
0.012998
0.163208
0.0135201
0.0136761
0.0138681
0.0160702
0.116409
0.0174772
0.0210742
0.0221422
0.123102
0.182378
0.183617
0.088173
0.091275
0.197014
0.198145
0.202874
0.22548
0.184405
0.18595
0.189088
0.0943317
0.0947248
0.198349
0.0990658
0.10481
0.207121
0.0084027
0.108586
0.00882273
0.00935375
0.00950977
0.209903
0.0106918
0.0116038
0.112015
0.0124289
0.0126299
0.162999
0.0131549
0.0135869
0.013761
0.014043
0.015066
0.169482
0.175617
0.17601
0.18426
0.087819
0.093855
0.197677
0.198799
0.0741345
0.224555
0.0763606
0.0775006
0.0826276
0.0873496
0.0953297
0.199846
0.100038
0.204266
0.205578
0.20611
0.206434
0.00709362
0.207975
0.00846066
0.109046
0.00920176
0.0102618
0.0111379
0.0116839
0.0121669
0.113808
0.0146419
0.0150169
0.016733
0.068053
0.020651
0.181619
0.083479
0.192019
0.194482
0.198799
0.200366
0.202806
0.203628
0.215235
0.0802347
0.18736
0.0919198
0.0957418
0.0985469
0.20721
0.10775
0.208089
0.108638
0.10925
0.209451
0.00970581
0.00994283
0.16018
0.11054
0.110879
0.0110559
0.111212
0.0115599
0.012538
0.013006
0.013252
0.163435
0.015367
0.116129
0.166495
0.0180671
0.0234461
0.182677
0.0835562
0.186865
0.195454
0.199537
0.21957
0.180394
0.187511
0.0900996
0.0912846
0.00428999
0.205511
0.157265
0.207279
0.107474
0.108035
0.1082
0.108533
0.109678
0.110514
0.110688
0.0112097
0.0113512
0.111366
0.111753
0.0121908
0.0124098
0.0125658
0.0128778
0.0130429
0.163226
0.0134269
0.114411
0.165119
0.01553
0.016067
0.126027
0.088282
0.189683
0.194929
0.195907
0.196696
0.199222
0.102235
0.202962
0.10541
0.00836763
0.159643
0.0784317
0.0814077
0.0840867
0.0845067
0.0893097
0.19603
0.0977188
0.0991198
0.20017
0.156946
0.108071
0.00834369
0.00978883
0.0101279
0.0103379
0.112171
0.0133109
0.0137489
0.014529
0.015255
0.165954
0.016494
0.016695
0.167304
0.167733
0.118126
0.0871222
0.139081
0.142993
0.196275
0.196761
0.147333
0.202042
0.0716658
0.0941088
0.0947808
0.0952009
0.0973759
0.0981739
0.107219
0.157579
0.20781
0.00813095
0.00827797
0.00865298
0.108836
0.209385
0.0097511
0.109925
0.110108
0.110582
0.111065
0.0116562
0.112157
0.0129042
0.0131682
0.0139663
0.0144313
0.0147823
0.165019
0.0246013
0.127784
0.179149
0.180946
0.0872704
0.188347
0.191827
0.0947405
0.196043
0.20559
0.0823265
0.144645
0.0982596
0.199319
0.106833
0.00702539
0.00740941
0.158028
0.108042
0.00852551
0.108799
0.00899053
0.109339
0.20966
0.109807
0.110221
0.0105416
0.110908
0.0111357
0.0114927
0.0121197
0.162846
0.113257
0.113758
0.0145198
0.0158128
0.0723079
0.176508
0.17835
0.193656
0.197604
0.148117
0.198354
0.098927
0.102578
0.0720425
0.0827495
0.0831515
0.0853085
0.0881675
0.0884795
0.0920586
0.0927846
0.197066
0.00499813
0.00590823
0.107234
0.107421
0.207435
0.107603
0.157849
0.00992364
0.0102267
0.110401
0.0105477
0.112735
0.0131277
0.163521
0.164652
0.0162958
0.168993
0.172023
0.0726859
0.0858589
0.088313
0.192126
0.196461
0.146827
0.163214
0.073516
0.0746291
0.0752111
0.0776021
0.0793991
0.0814841
0.0889512
0.0922152
0.0925812
0.0929472
0.0935202
0.0965233
0.197996
0.0995324
0.105346
0.00637306
0.00787123
0.00818625
0.108378
0.00859728
0.10878
0.00912832
0.00947634
0.00971336
0.0115974
0.0118074
0.0124795
0.112911
0.163112
0.0203455
0.172467
0.0800146
0.184908
0.189144
0.0899687
0.0909107
0.19768
0.198181
0.149321
0.202121
0.068971
0.175916
0.0812501
0.0820931
0.0893081
0.0948221
0.0960162
0.0964272
0.106133
0.0068679
0.00751703
0.00811405
0.00827006
0.10848
0.0105351
0.0109551
0.0114951
0.0116601
0.0119332
0.0129922
0.0136102
0.0142102
0.166097
0.170594
0.175748
0.182225
0.0851294
0.0876554
0.18857
0.443814
0.194729
0.198749
0.104412
0.075367
0.07621
0.081319
0.0837911
0.0845171
0.0915522
0.192629
0.197126
0.197834
0.204533
0.00768215
0.00798517
0.00941525
0.00968826
0.210099
0.210255
0.160648
0.110898
0.0109124
0.111188
0.0114255
0.0123045
0.0127965
0.0131085
0.0134655
0.0138315
0.193898
0.195335
0.195845
0.202482
0.20283
0.104313
0.204853
0.105045
0.160475
0.077128
0.177656
0.187454
0.0903221
0.0934601
0.0943842
0.0951372
0.14553
0.196976
0.147576
0.198068
0.198812
0.00807022
0.108901
0.109213
0.00963139
0.0102704
0.0104984
0.110753
0.111585
0.111768
0.0121795
0.0125365
0.113881
0.0142556
0.0159986
0.166347
0.0166766
0.0186537
0.0202077
0.174318
0.180246
0.0808818
0.0866028
0.0921348
0.144454
0.195783
0.196896
0.152768
0.204406
0.076
0.081343
0.0893051
0.0905531
0.0911352
0.0915102
0.146781
0.197354
0.197696
0.0979333
0.14901
0.155778
0.156945
0.00729904
0.00752705
0.00844514
0.00864616
0.10903
0.00976219
0.0115502
0.0129422
0.0133442
0.0136653
0.0158853
0.11743
0.117814
0.170385
0.171993
0.174267
0.0746155
0.142964
0.0969836
0.149465
0.170948
0.081907
0.0823001
0.188597
0.0913661
0.141786
0.192926
0.0941292
0.0950262
0.0958603
0.147414
0.1047
0.107659
0.00780621
0.00795322
0.00837324
0.00853825
0.108859
0.109279
0.109435
0.00985831
0.110218
0.0104913
0.0106474
0.0131014
0.0134854
0.0139264
0.0142564
0.0144124
0.126469
0.177151
0.179182
0.181582
0.0819926
0.18433
0.185506
0.18598
0.0863997
0.143066
0.0986607
0.154038
0.08296
0.0865211
0.0888041
0.0893772
0.189788
0.0946092
0.00730207
0.00755708
0.00823516
0.00863117
0.0108662
0.0111962
0.0117542
0.111982
0.113707
0.115819
0.0179673
0.0190443
0.0226233
0.17559
0.176055
0.176763
0.177444
0.177855
0.128177
0.178606
0.0834175
0.18652
0.0869036
0.0966117
0.180347
0.185411
0.086101
0.186449
0.0877151
0.188981
0.189653
0.0900192
0.0915012
0.0931003
0.15422
0.106029
0.00778807
0.00794408
0.158199
0.108418
0.00865517
0.00901219
0.159168
0.109819
0.0100383
0.110413
0.0107613
0.111442
0.0132213
0.0136233
0.0140433
0.0144094
0.0152164
0.0156184
0.0171994
0.167511
0.118552
0.0192515
0.175719
0.178291
0.182932
0.0846926
0.0884427
0.103162
0.157728
0.172089
0.173783
0.178703
0.0880511
0.0906131
0.0983951
0.155804
0.00871203
0.108922
0.00915006
0.00959707
0.00984308
0.210173
0.0105661
0.0109442
0.0111542
0.0113822
0.0124682
0.0130772
0.0145052
0.0162753
0.168414
0.174216
0.176247
0.1779
0.178671
0.179299
0.0842905
0.135629
0.0860126
0.148421
0.0997946
0.069652
0.073726
0.177902
0.178925
0.1793
0.18233
0.0829751
0.183404
0.0837792
0.0867192
0.189191
0.0917174
0.0921284
0.00659711
0.00699912
0.107191
0.00757517
0.157812
0.159349
0.00955934
0.00980535
0.0108524
0.0113174
0.0120254
0.0130814
0.0150315
0.0156675
0.176411
0.177065
0.0809136
0.181829
0.184634
0.14904
0.152685
0.216329
0.174984
0.178475
0.0788502
0.179531
0.185864
0.0862303
0.0873703
0.0884834
0.0923504
0.0945884
0.145026
0.0959055
0.0963165
0.147781
0.00481619
0.107656
0.158004
0.00840738
0.108617
0.00902842
0.00967948
0.0100485
0.110313
0.0106965
0.0110175
0.0111826
0.112089
0.0123826
0.0134026
0.113931
0.0209206
0.175652
0.180122
0.182
0.182375
0.182786
0.188066
0.0738442
0.0743813
0.178284
0.183017
0.0855611
0.0884201
0.0887951
0.0891882
0.0899682
0.141522
0.144363
0.146349
0.147309
0.00772918
0.00862628
0.108872
0.159136
0.00988938
0.0106124
0.0109605
0.0112065
0.0117105
0.111893
0.11226
0.0124335
0.0129375
0.0132406
0.0134596
0.166274
0.0176206
0.119418
0.172097
0.173759
0.183656
0.186749
0.0883837
0.0905858
0.141978
0.0989498
0.167587
0.0764943
0.180613
0.180997
0.086677
0.0940361
0.0944471
0.144831
0.0953682
0.0984883
0.106584
0.106857
0.00703103
0.00745104
0.107679
0.00830907
0.00875909
0.00895111
0.159326
0.0115731
0.112029
0.0124402
0.0128062
0.0135412
0.163988
0.0143632
0.0159803
0.176795
0.179015
0.18317
0.145074
0.149868
0.157159
0.108803
0.213696
0.166141
0.0821309
0.086584
0.0909191
0.0917351
0.0921191
0.0924311
0.0931302
0.145026
0.107704
0.00845019
0.108597
0.10893
0.00923326
0.00941628
0.159563
0.0098663
0.0102243
0.160974
0.161397
0.111562
0.16368
0.0146855
0.0162485
0.0180275
0.118448
0.0188765
0.178936
0.181444
0.183637
0.185074
0.0871407
0.0891357
0.103266
0.0705251
0.17225
0.0828492
0.188129
0.0885251
0.0887441
0.0907661
0.0914022
0.195413
0.0957793
0.0961723
0.149031
0.106257
0.00726608
0.00760914
0.00826016
0.108497
0.00986525
0.11012
0.0114073
0.0118393
0.112241
0.112406
0.0131863
0.0137083
0.164113
0.164323
0.0145334
0.166096
0.0179385
0.118773
0.171569
0.177497
0.128079
0.182027
0.0907717
0.0929467
0.152654
0.102828
0.15704
0.0666852
0.0808662
0.0821772
0.0883933
0.093391
0.0938021
0.14568
0.0983412
0.0994362
0.155721
0.00741199
0.00776002
0.108112
0.00850809
0.0086641
0.159234
0.109498
0.110653
0.0110402
0.0112502
0.0116612
0.0120453
0.0131763
0.0137673
0.0172293
0.181419
0.18228
0.185724
0.189591
0.0956815
0.165289
0.0837088
0.092929
0.0944831
0.0948851
0.0952422
0.198722
0.205498
0.156934
0.207277
0.108323
0.00847007
0.10889
0.00906411
0.00955114
0.00970716
0.110499
0.0108562
0.16124
0.0114952
0.0116872
0.212263
0.113097
0.0135173
0.0160253
0.173087
0.123849
0.17966
0.186056
0.187502
0.194241
0.194823
0.19752
0.153904
0.0666269
0.188305
0.088707
0.090414
0.09159
0.095428
0.096919
0.197321
0.197813
0.0986651
0.149679
0.204543
0.155341
0.107255
0.10781
0.108047
0.108212
0.0083952
0.00861421
0.00880622
0.00898024
0.159466
0.159823
0.110051
0.110579
0.0113413
0.0117434
0.0130184
0.0133844
0.167737
0.178039
0.178459
0.180824
0.0878676
0.191429
0.192245
0.0948606
0.0997267
0.164427
0.0743871
0.0800091
0.0831291
0.196959
0.097756
0.198212
0.108198
0.109202
0.109911
0.0101211
0.0103851
0.0106311
0.0107961
0.111305
0.111506
0.111653
0.111827
0.112019
0.112439
0.112586
0.212787
0.0142153
0.0147074
0.0151094
0.0161324
0.166462
0.0190154
0.0195375
0.0197565
0.0224445
0.174206
0.127146
0.0858995
0.18911
0.190538
0.19364
0.196724
0.0988447
0.103587
0.20935
0.0890831
0.0945252
0.0995352
0.00471766
0.00737791
0.00776493
0.207975
0.208278
0.208479
0.00993514
0.110109
0.0104572
0.160649
0.111385
0.111796
0.11197
0.112579
0.0137293
0.0145334
0.0163634
0.0208784
0.177229
0.17944
0.180428
0.188093
0.195632
0.201515
0.156382
0.066162
0.176959
0.0783961
0.0831991
0.0836371
0.0866221
0.0871861
0.0879032
0.0904562
0.0913083
0.144473
0.19942
0.106452
0.206986
0.207812
0.157826
0.10839
0.108618
0.108801
0.00896652
0.00922153
0.00944054
0.00965956
0.109999
0.0136496
0.0140066
0.164337
0.115414
0.0166077
0.166956
0.0173398
0.0176788
0.219575
0.0735048
0.174789
0.0257488
0.183387
0.0850849
0.192867
0.193368
0.19449
0.202718
0.106319
0.167081
0.0954545
0.0962886
0.0980676
0.19928
0.107551
0.00791659
0.0081266
0.00839961
0.00878363
0.00895764
0.109123
0.110195
0.110432
0.0106238
0.111506
0.112808
0.0131679
0.113564
0.0139329
0.0141339
0.114308
0.0144819
0.0148569
0.016732
0.171265
0.173836
0.175543
0.0798871
0.187057
0.192355
0.196609
0.198334
0.157832
0.0724626
0.18875
0.0924366
0.193901
0.0958687
0.198629
0.108891
0.109247
0.109599
0.209613
0.159799
0.0100723
0.0108653
0.111102
0.0113843
0.0115493
0.111723
0.161978
0.162794
0.113205
0.0136254
0.0140724
0.0145315
0.164861
0.0151075
0.0156985
0.0160735
0.11644
0.1683
0.0198266
0.1776
0.178983
0.195666
0.102866
0.20391
0.164056
0.117086
0.0728072
0.187978
0.0890822
0.0928413
0.144278
0.198037
0.0994384
0.157051
0.108073
0.10843
0.15897
0.109581
0.00978244
0.0100015
0.0101755
0.110751
0.0110815
0.111346
0.211628
0.112246
0.0125846
0.0130046
0.0135146
0.0138806
0.0143307
0.0145317
0.0159687
0.0188187
0.174414
0.0791717
0.190131
0.19416
0.14458
0.196449
0.197112
0.156298
0.108275
0.166093
0.0797975
0.0801455
0.0918515
0.144297
0.197462
0.0978366
0.0993366
0.199667
0.00746047
0.00767948
0.0078535
0.109011
0.159545
0.10971
0.110271
0.0105167
0.160709
0.0110867
0.111306
0.0115248
0.0126078
0.0128358
0.113214
0.0132288
0.0134058
0.0146808
0.16583
0.0164299
0.171728
0.180491
0.189479
0.0906371
0.198167
0.103709
0.0746135
0.0780665
0.0866315
0.0870426
0.0925746
0.192923
0.0951967
0.145932
0.196838
0.206085
0.106615
0.00707451
0.00775859
0.00790561
0.00815162
0.109154
0.160732
0.0126907
0.213057
0.115667
0.0160871
0.0165551
0.0170771
0.117233
0.0173981
0.0686191
0.0225672
0.178927
0.180859
0.0920432
0.192598
0.193396
0.194473
0.195973
0.175225
0.0756808
0.0837778
0.0846928
0.189361
0.0917609
0.0954839
0.099918
0.106165
0.00699282
0.207474
0.108245
0.00855702
0.108803
0.109548
0.00994112
0.210178
0.0104152
0.110826
0.0112732
0.111585
0.0120682
0.0124793
0.163943
0.165461
0.0167924
0.0172034
0.0200984
0.134864
0.188272
0.0922925
0.196934
0.197327
0.198125
0.198536
0.198947
0.103673
0.10463
0.160117
0.0709502
0.0845822
0.0895652
0.191272
0.0917643
0.192166
0.0930274
0.105683
0.10603
0.107201
0.00740222
0.00758523
0.107777
0.108134
0.00842827
0.108933
0.00961432
0.0108944
0.0116114
0.0120584
0.165934
0.0162645
0.0166485
0.0175545
0.171264
0.022728
0.123103
0.125593
0.180945
0.182337
0.182712
0.0853372
0.152676
0.202691
0.207215
0.175437
0.0761986
0.0889937
0.0912947
0.0919577
0.0930708
0.195876
0.0999588
0.157353
0.157863
0.108202
0.00865182
0.108862
0.109027
0.109219
0.00998491
0.0102399
0.0104859
0.110759
0.012508
0.01294
0.013141
0.016378
0.016978
0.0174971
0.168664
0.171624
0.172386
0.0240482
0.0830092
0.194526
0.195072
0.198471
0.202448
0.185982
0.0921077
0.195021
0.0954048
0.0965899
0.197379
0.106837
0.107377
0.107876
0.108966
0.00937975
0.00977376
0.00992078
0.110149
0.0111869
0.0115979
0.113239
0.0140609
0.0158039
0.166845
0.16785
0.018477
0.118855
0.169029
0.0211681
0.224948
0.17652
0.0396211
0.192975
0.19488
0.199026
0.199437
0.19983
0.153893
0.157742
0.0758737
0.0775807
0.180737
0.0914708
0.0926468
0.196595
0.150012
0.105658
0.10626
0.00716968
0.00772771
0.207893
0.108307
0.158649
0.109939
0.0101579
0.110305
0.110542
0.0107069
0.011248
0.161503
0.111905
0.0122351
0.0125171
0.0129101
0.0130931
0.113633
0.164008
0.0144102
0.0145842
0.0149862
0.168754
0.120164
0.086996
0.142717
0.193695
0.195285
0.195777
0.196809
0.202538
0.0761575
0.0862795
0.0940075
0.196309
0.0984476
0.19939
0.105628
0.00749837
0.107771
0.108257
0.0086325
0.00888751
0.00968854
0.110692
0.0108836
0.0114296
0.0118046
0.113818
0.0149036
0.084176
0.185532
0.0874551
0.188181
0.190518
0.195915
0.196236
0.197628
0.198048
0.198414
0.203684
0.1662
0.0732437
0.0761838
0.0765948
0.0773838
0.180162
0.0849829
0.189624
0.090206
0.092264
0.192873
0.095012
0.197232
0.0979941
0.106419
0.106812
0.00721388
0.107517
0.00804793
0.108546
0.108693
0.108948
0.0097071
0.0104572
0.0108267
0.110841
0.0119662
0.0123622
0.0125452
0.162827
0.0132473
0.0146753
0.0151613
0.0154343
0.165689
0.0176574
0.0703994
0.172286
0.0804105
0.187719
0.193944
0.197649
0.198069
0.203373
0.104855
0.172421
0.0909845
0.0936996
0.198377
0.103016
0.105954
0.00768035
0.108566
0.00872252
0.108906
0.00909755
0.00926256
0.00943657
0.109893
0.11115
0.16247
0.0128836
0.0130487
0.0137387
0.0141047
0.0155957
0.171677
0.0225468
0.177242
0.18155
0.140983
0.192348
0.197376
0.199767
0.106144
0.115861
0.0704215
0.172669
0.0870745
0.0953786
0.0967796
0.19891
0.0995457
0.149849
0.20525
0.207284
0.107295
0.107646
0.00857077
0.00883478
0.0092008
0.00943781
0.109666
0.109939
0.0111868
0.112372
0.0128909
0.0140849
0.0144149
0.0150779
0.018486
0.168879
0.023466
0.177405
0.180129
0.086111
0.193839
0.194754
0.196002
0.115632
0.222559
0.0776046
0.184793
0.185852
0.0918516
0.0923346
0.0927097
0.0942367
0.194594
0.144951
0.195362
0.146052
0.0976239
0.0984939
0.00637469
0.00736976
0.207535
0.157799
0.108223
0.108379
0.10879
0.109036
0.010216
0.16093
0.0110951
0.0124572
0.0128352
0.113165
0.0133662
0.0137862
0.164125
0.0211783
0.185746
0.194442
0.196158
0.0982431
0.102738
0.0712725
0.0765615
0.0795375
0.0847815
0.0892966
0.0906526
0.0912796
0.144283
0.0971507
0.147949
0.200007
0.206356
0.0071266
0.00732761
0.107979
0.10839
0.208738
0.10947
0.0101098
0.0107248
0.0110638
0.0115498
0.111805
0.112459
0.0134469
0.0140009
0.0142379
0.165297
0.167247
0.018936
0.1195
0.0703881
0.1887
0.0895161
0.193053
0.194535
0.196296
0.166268
0.175616
0.0828556
0.0830746
0.0852587
0.0873527
0.0937037
0.198183
0.148684
0.0993288
0.0997669
0.106254
0.10689
0.108186
0.108351
0.15869
0.00889083
0.00916385
0.00942786
0.00964687
0.109893
0.11004
0.0125479
0.0129409
0.01418
0.01472
0.014867
0.015224
0.016661
0.168206
0.0186081
0.12594
0.0854231
0.190028
0.194787
0.198078
0.198426
0.148846
0.199365
0.103359
0.0888247
0.0892447
0.0896737
0.0921547
0.143853
0.205931
0.106501
0.00792554
0.00817155
0.00907558
0.00954364
0.110116
0.110257
0.0102717
0.0111087
0.111466
0.11185
0.112369
0.0128248
0.163227
0.0137548
0.164139
0.0146579
0.183276
0.184299
0.197844
0.198264
0.198594
0.0734815
0.0914156
0.0924746
0.143048
0.0936567
0.196588
0.0969988
0.148724
0.0992518
0.106661
0.207081
0.00819765
0.208372
0.108555
0.108765
0.108948
0.209359
0.109506
0.0100368
0.0102288
0.0104658
0.110787
0.110952
0.0120918
0.0130968
0.0138139
0.0141979
0.0145999
0.164966
0.0157549
0.016166
0.119088
0.16967
0.171764
0.175865
0.0264382
0.178784
0.0928482
0.194834
0.149002
0.20247
0.153542
0.206153
0.0797386
0.0850186
0.0903976
0.0936257
0.0974207
0.147814
0.149098
0.00791645
0.00807246
0.00832747
0.00979753
0.1602
0.110962
0.0116517
0.0119547
0.0139857
0.0143817
0.0145467
0.215246
0.0158278
0.166248
0.118297
0.127582
0.184203
0.085028
0.190677
0.193239
0.196971
0.147373
0.199152
0.158403
0.0679855
0.0896455
0.0901915
0.0916196
0.0965936
0.0969866
0.147578
0.0996807
0.202735
0.206491
0.207041
0.00851563
0.108672
0.00893566
0.00911867
0.00928369
0.209999
0.110458
0.110605
0.0110278
0.0112648
0.0114928
0.112345
0.112999
0.0135209
0.0137849
0.164115
0.0161999
0.16662
0.175725
0.13636
0.092549
0.1929
0.193146
0.199812
0.200124
0.202025
0.102801
0.105205
0.0742276
0.0883186
0.0907637
0.0911837
0.0917208
0.0937248
0.0944688
0.19803
0.148729
0.105186
0.207494
0.157509
0.107731
0.00818772
0.208809
0.00900076
0.00936678
0.00952279
0.0100268
0.110477
0.110669
0.0110079
0.0114189
0.0118509
0.0121239
0.0133089
0.0167709
0.123347
0.178618
0.179362
0.188314
0.196231
0.203264
0.155662
0.070644
0.078192
0.178585
0.183091
0.0867512
0.0891152
0.0899132
0.0903153
0.192085
0.0947913
0.145211
0.0963424
0.149687
0.105322
0.155505
0.00680817
0.00707218
0.0072282
0.00756722
0.158792
0.00921227
0.0101873
0.0107783
0.111126
0.112032
0.0122694
0.0140214
0.166166
0.0204115
0.180633
0.182808
0.0832006
0.183567
0.183969
0.0879797
0.195285
0.152968
0.103988
0.169798
0.07587
0.077856
0.180769
0.18127
0.0839132
0.0843782
0.0872373
0.0892233
0.0901203
0.0958954
0.107242
0.00763524
0.00816027
0.108316
0.00853529
0.109081
0.0110464
0.0120334
0.0125554
0.112747
0.0132844
0.0137045
0.0146465
0.0152825
0.0676645
0.0219635
0.178405
0.178807
0.179623
0.182653
0.0830457
0.18346
0.183733
0.195628
0.149837
0.153561
0.168031
0.18475
0.0869611
0.0878941
0.0917252
0.0922532
0.0935553
0.145415
0.147671