RTT
0.16266
0.162672
0.162696
0.165327
0.16533
0.165333
0.165336
0.165339
0.165356
0.165356
0.165356
0.165356
0.165356
0.165356
0.165356
0.165356
0.165356
0.165356
0.165356
0.165356
0.165356
0.165356
0.165356
0.165356
0.165356
0.165356
0.165356
0.165356
0.165356
0.165356
0.165356
0.165356
0.165356
0.165356
0.165356
0.165356
0.165356
0.0653564
0.0653564
0.0653564
0.0653564
0.0653564
0.0653564
0.0653564
0.0653564
0.0653564
0.0653564
0.0653564
0.0653564
0.0653564
0.168334
0.168338
0.168341
0.168344
0.168346
0.168349
0.168353
0.168357
0.168361
0.168364
0.0683668
0.0683695
0.0683727
0.0683765
0.0683793
0.0683821
0.0683859
0.06839
0.0683949
0.17431
0.174313
0.174316
0.17432
0.174323
0.174326
0.174329
0.174332
0.174335
0.0743376
0.0743407
0.0743438
0.0743468
0.0743507
0.0743535
0.0743565
0.0743596
0.0743702
0.179203
0.179206
0.179209
0.179212
0.179216
0.179232
0.179232
0.179232
0.179232
0.179232
0.179232
0.0792322
0.0792322
0.0792322
0.0792322
0.0792322
0.0792322
0.0792322
0.0792322
0.0792322
0.0792322
0.180435
0.180438
0.180444
0.180447
0.180464
0.180464
0.180464
0.180464
0.0804643
0.0804643
0.0804643
0.0804643
0.0804643
0.0804643
0.0804643
0.181103
0.181107
0.18111
0.181114
0.181117
0.181119
0.181132
0.182039
0.182042
0.182045
0.18205
0.182053
0.182056
0.182059
0.0820624
0.0820652
0.0820686
0.0820717
0.0820834
0.185769
0.185772
0.185775
0.185777
0.0857811
0.0857838
0.0857869
0.0857979
0.187328
0.087339
0.188068
0.189054
0.189061
0.189066
0.0890822
0.0890822
0.189082
0.0890822
0.189082
0.0890822
0.189818
0.189821
0.189824
0.189827
0.18983
0.0898331
0.0898364
0.0898396
0.0898425
0.0898463
0.190471
0.190474
0.190489
0.0905045
0.190507
0.0905102
0.0905283
0.191159
0.0911713
0.0913982
0.091402
0.0914049
0.0914087
0.0914118
0.0914147
0.091418
0.0914209
0.0914242
0.091427
0.0914308
0.0914341
0.0914434
0.0916975
0.0917104
0.0922584
0.098576
0.0985887
0.0989937
0.0992577
0.105879
0.106456
0.108929
0.108933
0.108935
0.108939
0.108943
0.108947
0.10895
0.108953
0.108956
0.108959
0.108962
0.108966
0.108968
0.108972
0.108975
0.10899
0.114886
0.0236473
0.0238303
0.0240043
0.0241873
0.0243614
0.0245804
0.0247724
0.0249194
0.0251024
0.0253844
0.0256214
0.0258584
0.0260415
0.127198
0.127613
0.0281436
0.000957721
0.00720858
0.00816862
0.00857563
0.00876765
0.00904067
0.00932268
0.00960469
0.0098147
0.00997072
0.0101357
0.0103458
0.0105558
0.0107478
0.00155711
0.00597166
0.00615468
0.00694077
0.00752583
0.00768185
0.00782885
0.0084049
0.00856091
0.00877992
0.00898994
0.00916396
0.00931997
0.0101331
0.00272919
0.00807595
0.00849598
0.008652
0.00889801
0.00913502
0.00930004
0.00956405
0.00971107
0.00986708
0.0101401
0.0103951
0.0105781
0.0111811
0.0037653
0.00518849
0.0053535
0.00605262
0.00620863
0.00749881
0.00802987
0.00820388
0.0084229
0.00878892
0.00904393
0.00919994
0.00937396
0.00994998
0.00553753
0.00674669
0.0069567
0.00713072
0.00740373
0.00779675
0.00800676
0.00818977
0.00840879
0.00893986
0.00912287
0.00931489
0.00987297
0.01002
0.00805473
0.0084028
0.00857682
0.00883183
0.00910484
0.00929685
0.00951586
0.00971687
0.00988189
0.0100649
0.0102209
0.0104669
0.0106589
0.010932
0.00697483
0.00722984
0.00750286
0.00817297
0.00885711
0.00939123
0.00961024
0.00989226
0.0100483
0.0102403
0.0104503
0.0107233
0.0108703
0.0111074
0.00319834
0.00446246
0.00638261
0.00665563
0.00824787
0.00840388
0.00867689
0.00893191
0.00917793
0.00942395
0.00962496
0.00985297
0.010018
0.01021
1.0143
0.91431
1.01601
0.916022
1.01624
0.916253
1.0168
0.916808
1.017
0.917012
1.03084
0.930854
0.931532
0.00365905
0.00705162
0.00719863
0.00738165
0.00761867
0.00782868
0.00810169
0.0082757
0.00886073
0.00905275
0.00922676
0.00939178
0.0095658
0.00982081
0.00402545
0.00740387
0.00758688
0.00781489
0.00837297
0.00858298
0.00873
0.00969607
0.00994209
0.0101701
0.0104341
0.0105811
0.0107552
0.0110282
0.00157415
0.00636064
0.00655265
0.00678967
0.00700868
0.0072457
0.00743772
0.00765673
0.00860483
0.00882384
0.00906986
0.00965492
0.00991893
0.0101109
0.00534263
0.00602966
0.00639567
0.00734979
0.0075058
0.00766181
0.00788982
0.00817184
0.00833686
0.00894891
0.00984794
0.010058
0.010331
0.010514
0.00606354
0.00702361
0.00742566
0.00757267
0.00779168
0.00798369
0.00813971
0.00835872
0.00853274
0.00886282
0.00909084
0.00945191
0.00959893
0.011222
0.00189618
0.00618371
0.00686173
0.00703575
0.00720977
0.00844499
0.008592
0.0101522
0.0108962
0.0111692
0.0114242
0.0116972
0.0119703
0.0122433
0.00584265
0.00635567
0.00693175
0.00710576
0.00736977
0.00796383
0.00817385
0.00905292
0.00925393
0.00957995
0.00984397
0.010063
0.010327
0.010591
0.00168511
0.00689661
0.00734463
0.00871174
0.00892175
0.00909576
0.00933278
0.0103829
0.0106019
0.0108209
0.011013
0.011214
0.011487
0.011733
0.0049765
0.00674569
0.00700971
0.00762173
0.00776874
0.00805075
0.0084288
0.00867482
0.00898087
0.00966496
0.00986598
0.010058
0.010268
0.010424
0.000974086
0.00644866
0.00662267
0.00686868
0.00748074
0.00775376
0.00790977
0.00805678
0.00843187
0.00894493
0.009369
0.00964202
0.00981604
0.00996305
0.00263625
0.00727577
0.00752179
0.0077048
0.00791482
0.00811583
0.00828084
0.00856285
0.00873687
0.00895588
0.00911189
0.0093399
0.00951392
0.00979594
0.00140208
0.00673954
0.00736963
0.00758865
0.00784366
0.00801768
0.00822769
0.0085097
0.00904973
0.00967079
0.0102639
0.0106759
0.0108949
2.01182
1.91182
1.81183
0.013634
0.00317821
0.00736877
0.00756979
0.00795684
0.00817585
0.00838587
0.00863188
0.00918994
0.00934595
0.00951997
0.00972098
0.00990399
0.010123
0.010351
0.010525
0.00251423
0.00754804
0.00833712
0.00859213
0.00945325
0.00962727
0.00980128
0.0100383
0.0102033
0.0104313
0.0105873
0.0108244
0.0110704
0.0113164
0.0114724
0.00611971
0.00776986
0.00800687
0.00819888
0.0086099
0.00883792
0.00903894
0.00918595
0.00941397
0.00962398
0.00977999
0.010295
0.010568
0.010742
0.0113271
0.00589163
0.00636865
0.00656966
0.00671667
0.00766777
0.00786878
0.0083798
0.00859882
0.00915691
0.00934893
0.00954095
0.00970596
0.00987097
0.01072
0.0120911
0.00622957
0.00673365
0.00736467
0.00762868
0.0080217
0.00824071
0.00841473
0.00858875
0.0091468
0.00934781
0.00950382
0.00975884
0.010791
0.011037
0.011229
0.00681767
0.00717468
0.0074117
0.00780472
0.00802373
0.00823374
0.00850675
0.00867176
0.00894478
0.0090918
0.00934681
0.00960182
0.00976683
0.0107
0.010847
0.00122406
0.00431233
0.00642278
0.00709193
0.00729294
0.00751194
0.00839107
0.00857409
0.0087841
0.00894011
0.00954314
0.00969016
0.00986418
0.0101102
0.0102932
0.0020462
0.00583872
0.00667075
0.00693476
0.00718078
0.00736379
0.0075108
0.00766682
0.00783184
0.00816185
0.00832686
0.00854588
0.00973702
0.010019
0.010193
0.000674077
0.00679482
0.00704084
0.00767986
0.00782687
0.00822889
0.00842091
0.00905994
0.00926995
0.00947096
0.00965397
0.00991799
0.010155
0.010704
0.010977
0.0014341
0.00644461
0.00665462
0.00684664
0.00702965
0.00755366
0.00798574
0.00917687
0.00935988
0.00956089
0.00971691
0.00989992
0.0101009
0.010266
0.010503
0.00555557
0.00742783
0.0079589
0.00824091
0.009084
0.00966902
0.00982504
0.0100261
0.0101731
0.0103831
0.0105841
0.0107761
0.0110131
0.0112591
0.0115232
0.00387842
0.00534955
0.00549656
0.00743889
0.00879907
0.00904509
0.0092281
0.00963012
0.00991214
0.0100771
0.0102332
0.0104342
0.0105812
0.0107462
0.0109022
0.00372047
0.00610975
0.00669478
0.00750487
0.00766988
0.00836602
0.00851303
0.00879504
0.0094071
0.00987516
0.0101032
0.0105552
0.0107562
0.0109302
0.0111402
0.00637064
0.00678471
0.00716578
0.00809291
0.00832993
0.00891496
0.00913398
0.00974599
0.010019
0.0106041
0.0108591
0.0110961
0.0113421
0.0114891
0.0116361
0.00731877
0.00755578
0.0077298
0.00835083
0.00856084
0.00875286
0.00902587
0.00925388
0.00943689
0.0097099
0.00994691
0.0101029
0.0103849
0.01055
0.010733
0.00618662
0.00659764
0.00716465
0.00776774
0.00827182
0.00841883
0.00867385
0.00891985
0.00912987
0.00940288
0.00988895
0.010273
0.010492
0.010774
0.011377
0.00172616
0.00695772
0.00772881
0.00806784
0.00825085
0.00929095
0.00946496
0.00970198
0.010104
0.0103501
0.0108721
0.0111181
0.0113012
0.0114662
0.0116492
0.00282426
0.00741384
0.00760586
0.00777987
0.00800788
0.0081999
0.00844592
0.00868294
0.00884795
0.00904896
0.00932197
0.00953198
0.00975099
0.009943
0.010162
0.000655054
0.00717268
0.00731969
0.0075927
0.00935186
0.00961588
0.00980789
0.0100449
0.0102999
0.0105459
0.010765
0.010966
0.011239
0.011458
0.0120161
0.0020342
0.00830391
0.008849
0.00899601
0.00927802
0.00954203
0.0102261
0.0103821
0.0106282
0.0107752
0.0109672
0.0112492
0.0114322
0.0116872
0.0127793
0.00363477
0.00650308
0.00738216
0.00797618
0.0082402
0.00850421
0.00875022
0.00894223
0.0101444
0.0103544
0.0105194
0.0106754
0.0109214
0.0110954
0.0112874
0.00546803
0.00561504
0.0069202
0.00735228
0.00762529
0.00809338
0.00868339
0.0089114
0.00919342
0.00941243
0.00997945
0.0101895
0.0103635
0.0105465
0.0108015
0.00673545
0.0076596
0.00780661
0.00795363
0.00819964
0.00842765
0.00867366
0.00887468
0.00905769
0.0092497
0.00979875
0.0100358
0.0102548
0.0105368
0.0110188
0.00899272
0.00919373
0.00942175
0.00958677
0.00983279
0.0100518
0.0102348
0.0104808
0.0107088
0.0109909
0.0111469
0.0112939
0.0115129
0.0116689
0.0118159
0.0025242
0.00795874
0.00839776
0.00858977
0.00881778
0.00903679
0.0092378
0.00938482
0.00965784
0.00988586
0.0100329
0.0105639
0.010801
0.010948
0.0126071
0.00625667
0.00766982
0.00787983
0.00874998
0.00896899
0.009179
0.00934401
0.00956303
0.00971904
0.00994705
0.0105681
0.0107241
0.0109701
0.0112522
0.0114532
0.00656668
0.00753283
0.00768884
0.00787185
0.00888895
0.00963006
0.00988507
0.0100411
0.0101881
0.0104521
0.0106891
0.0108361
0.0109832
0.0111302
0.0113582
0.00639955
0.00744872
0.00814786
0.00829487
0.00851388
0.00878689
0.00958501
0.00979502
0.00995103
0.01017
0.0104431
0.0106081
0.0108271
0.0110551
0.0113191
0.00181217
0.00445759
0.0048146
0.00609474
0.00638875
0.00661676
0.00676378
0.008818
0.00897402
0.00966705
0.00986807
0.0104801
0.0107352
0.0109542
0.0111552
0.00746286
0.00772687
0.00836596
0.00924506
0.00950908
0.00971008
0.0098841
0.0101301
0.0103401
0.0106221
0.0108322
0.0110782
0.0113602
0.0115342
0.0118072
0.00138815
0.00796788
0.00821389
0.0084419
0.00869691
0.00885292
0.00912594
0.00935395
0.00954596
0.00980098
0.009966
0.0106231
0.0107881
0.0109801
0.0111631
0.00157213
0.00792775
0.00852178
0.00866878
0.0089328
0.00916081
0.00944282
0.00966183
0.00992585
0.0101089
0.0103279
0.0104839
0.0107119
0.0109489
0.0111589
0.00658778
0.00695384
0.00720885
0.00736487
0.00754788
0.00773089
0.0079049
0.00868692
0.00884294
0.00907996
0.00926297
0.00978505
0.0100671
0.0102141
0.0104691
0.00641277
0.00668579
0.00715385
0.00733686
0.00751987
0.00775688
0.00836894
0.00906196
0.00933497
0.00955399
0.0098
0.010019
0.010202
0.0104661
0.0106581
0.00666567
0.00683968
0.00709469
0.00731371
0.00750573
0.0088608
0.00905282
0.00927183
0.00953585
0.00973686
0.00995588
0.0101569
0.0104029
0.0105949
0.0107959
0.000814095
0.00422834
0.00734874
0.00749575
0.00775077
0.00789778
0.00883088
0.0094609
0.00967991
0.00988992
0.0100549
0.010301
0.010556
0.01082
0.011021
0.00386937
0.00454743
0.00498946
0.00570657
0.00609365
0.00692473
0.00808283
0.00831985
0.0089759
0.00956098
0.010548
0.0106951
0.0109771
0.0111241
0.0113071
0.00661466
0.00789485
0.00808686
0.00831488
0.00938003
0.00957204
0.00984506
0.0100011
0.0102651
0.0105471
0.0107031
0.0109491
0.0111681
0.0113782
0.0116062
0.00108212
0.00702181
0.00765884
0.00859689
0.00914997
0.00939599
0.009615
0.00985201
0.010008
0.010155
0.0103111
0.0105391
0.0106861
0.0108961
0.0111601
0.00731873
0.00748375
0.00996097
0.010126
0.010309
0.010474
0.010639
0.010786
0.0114071
0.0121711
0.0123182
0.0126962
0.0128882
0.0131252
0.0132902
0.00298524
0.00714873
0.00734974
0.00749675
0.00768877
0.00797079
0.0081628
0.00830981
0.00856482
0.00884684
0.00907485
0.00923086
0.00937788
0.00956089
0.00977991
0.00198318
0.00671874
0.00686575
0.00710277
0.00725878
0.00743279
0.00797488
0.00833497
0.00849098
0.00870099
0.008902
0.00907601
0.00967005
0.00992506
0.0100901
0.00138209
0.00803598
0.00828199
0.00863006
0.00884907
0.00913108
0.00931409
0.0095061
0.00974312
0.0100071
0.0102352
0.0103822
0.0105382
0.0107482
0.0109582
0.00567664
0.00623466
0.00642667
0.00664569
0.00743774
0.00765676
0.00792978
0.00870688
0.00888989
0.00916291
0.00952396
0.00976097
0.00999798
0.010271
0.010517
0.00145615
0.00837376
0.00876482
0.00895684
0.00922084
0.00942186
0.00967687
0.00992289
0.0101149
0.0103249
0.0105979
0.01079
0.011063
0.011273
0.011429
0.00717974
0.00738076
0.00752778
0.0085059
0.00871592
0.00898893
0.00916295
0.00942696
0.00961897
0.00981998
0.010003
0.01015
0.010324
0.010561
0.0119791
0.000661064
0.00421934
0.00834487
0.00859988
0.0087829
0.00892991
0.00920293
0.00943094
0.00966796
0.00981498
0.00998899
0.010262
0.010418
0.010628
0.0114231
0.00126411
0.00499244
0.00796892
0.00811594
0.00851895
0.00957219
0.00984521
0.0101182
0.0103732
0.0106282
0.0108563
0.0110213
0.0112313
0.0114953
0.0117323
0.00376535
0.00744978
0.00785486
0.00835888
0.0085419
0.00874291
0.00889892
0.00905494
0.00930995
0.00949296
0.00975697
0.00993099
0.010177
0.010342
0.010498
0.00722689
0.00749091
0.00777292
0.00793793
0.00835394
0.00859095
0.00875596
0.00894798
0.009095
0.00927802
0.00951503
0.00975205
0.0100341
0.0103161
0.0105171
0.00710184
0.00799891
0.00815492
0.00837393
0.00854794
0.00876696
0.00900398
0.00917799
0.009424
0.00957101
0.00977203
0.010054
0.0102551
0.0104201
0.0106751
0.00827101
0.00869108
0.00889209
0.0091021
0.00931211
0.00948613
0.00975915
0.00991516
0.0103402
0.0105412
0.0107872
0.0109972
0.0112072
0.0114712
0.0117353
0.00177713
0.0060837
0.00648878
0.00852898
0.00876599
0.008949
0.00911401
0.00939603
0.00967805
0.00983407
0.0100261
0.0102541
0.0104641
0.0106291
0.0108841
0.00466561
0.00579366
0.00594967
0.00697274
0.00722775
0.00746476
0.00767478
0.00795679
0.00887189
0.0091539
0.00940891
0.00955592
0.00973894
0.00995796
0.010168
0.00531151
0.0062776
0.00750477
0.00773279
0.00858684
0.00910892
0.00925593
0.00950194
0.00969396
0.00994898
0.010114
0.01036
0.010516
0.010717
0.0109451
0.0073979
0.00765292
0.00786293
0.00810894
0.00836395
0.00860996
0.00889197
0.00909299
0.009321
0.00960301
0.00987603
0.010086
0.0102961
0.0108631
0.0111001
0.000927079
0.00288023
0.00862087
0.00884888
0.0091129
0.00938591
0.00953292
0.00977893
0.00993494
0.0101
0.010355
0.010574
0.010829
0.011102
0.0121041