RTT
0.142649
0.142653
0.142657
0.142661
0.142664
0.142667
0.14267
0.142673
0.142676
0.142694
0.142858
0.142861
0.142865
0.142868
0.142871
0.142875
0.142878
0.142882
0.142885
0.142888
0.142891
0.142898
0.142901
0.142905
0.142909
0.142912
0.142919
0.14346
0.143464
0.143467
0.143472
0.144076
0.14408
0.144083
0.144086
0.144089
0.144092
0.144095
0.144104
0.145916
0.146168
0.146215
0.146277
0.147489
0.148225
0.148228
0.148231
0.148234
0.148237
0.14824
0.148243
0.148246
0.148253
0.148974
0.148977
0.14898
0.148986
0.159856
0.159859
0.159862
0.159866
0.159868
0.159871
0.159886
0.164865
0.164869
0.164873
0.164876
0.16488
0.164883
0.164887
0.16489
0.164893
0.164897
0.164901
0.164904
0.164908
0.164911
0.164914
0.164918
0.0649211
0.064925
0.0649288
0.0649326
0.0649354
0.0649385
0.0649423
0.0649461
0.06495
0.0649586
0.171431
0.171434
0.171437
0.17144
0.171443
0.171449
0.0714548
0.0714579
0.071461
0.0714641
0.0714671
0.0714758
0.171927
0.17193
0.171932
0.171936
0.171939
0.171942
0.0719456
0.0719484
0.0719514
0.0719545
0.0719573
0.0719719
0.174559
0.174562
0.0745653
0.0745843
0.176663
0.177512
0.177516
0.0775194
0.0775233
0.0775272
0.0775302
0.0775333
0.0775361
0.0775399
0.0775438
0.0775466
0.0775504
0.0775537
0.0775569
0.0775602
0.0775631
0.0775669
0.0775707
0.177574
0.0775766
0.0775804
0.177583
0.0775861
0.177589
0.0775926
0.177596
0.077605
0.0781768
0.0781799
0.078183
0.0781861
0.0781888
0.0781927
0.0781955
0.0781985
0.178201
0.0782061
0.0784242
0.0784273
0.0784304
0.0784353
0.0784386
0.0784413
0.0784441
0.0784472
0.0784531
0.0789644
0.0789675
0.0789741
0.0789812
0.0791582
0.0793742
0.0793769
0.07938
0.0793862
0.0795333
0.0795364
0.0795393
0.0795453
0.0797451
0.0797481
0.0797512
0.0797543
0.079757
0.0797597
0.179762
0.0797663
0.0797694
0.179772
0.0797755
0.179779
0.0797818
0.179785
0.0797903
0.0799904
0.0799943
0.079997
0.080001
0.0800049
0.0800091
0.0800122
0.0800153
0.0800188
0.0800353
0.180454
0.0804673
0.18065
0.0806623
0.181631
0.0817835
0.181786
0.0817894
0.0817964
0.181987
0.0820004
0.0822134
0.0824864
0.0828705
0.00241663
0.0108855
0.0139387
0.0141037
0.0156429
0.0171251
0.0185262
0.0190012
0.0195503
0.0203484
0.0207724
0.0210364
0.0212824
0.0215015
0.00608364
0.00665972
0.00686074
0.00714275
0.00733477
0.00750879
0.0077188
0.00789282
0.00842387
0.00865188
0.00887089
0.0090539
0.00928191
0.00951892
0.00538749
0.00634464
0.00650965
0.00715671
0.00734873
0.00790681
0.00814383
0.00829084
0.00846486
0.00868388
0.00890289
0.00910391
0.00933192
0.00955994
0.00220718
0.00752775
0.00767477
0.00795678
0.0081398
0.00834981
0.00858683
0.00875184
0.00899785
0.00922586
0.00943588
0.00999396
0.010471
0.010726
0.00126215
0.00613269
0.0066747
0.00686671
0.00704973
0.00726874
0.00832188
0.00847789
0.00866091
0.00884392
0.00903593
0.00930894
0.00956395
0.010167
0.00140614
0.00611573
0.0069558
0.00739481
0.00863093
0.00877794
0.00896995
0.00924296
0.00944398
0.00965399
0.010221
0.010449
0.0106411
0.0108511
0.00606656
0.00678966
0.0078578
0.00821082
0.00845683
0.00868485
0.00895786
0.00912287
0.00932388
0.00948889
0.0096359
0.00981892
0.00998394
0.010248
0.00334538
0.00640466
0.00664168
0.00692369
0.00751776
0.00778176
0.00798278
0.00862184
0.00896089
0.0091709
0.00938992
0.00958194
0.010086
0.0106171
0.00110314
0.00784162
0.00809663
0.00837865
0.00852566
0.00874468
0.00922171
0.00943172
0.00962374
0.00979776
0.00995377
0.0102178
0.0106968
1.01428
1.01428
0.91429
0.0197656
1.01977
0.919778
1.02066
0.920668
1.02067
0.920675
1.02131
0.92132
1.02158
0.921596
1.02185
0.921863
0.000685092
0.00758776
0.00782477
0.00807078
0.00824479
0.0084998
0.00876381
0.00891983
0.00912985
0.00928587
0.00954088
0.0097689
0.00991592
0.0101439
0.00637271
0.00784286
0.00920795
0.00946296
0.00970897
0.00989199
0.010048
0.010213
0.010387
0.010615
0.0108251
0.0109811
0.0114131
0.0118362
1.01208
0.912081
0.812091
0.00580082
0.00688387
0.008185
0.00836801
0.00889904
0.00916305
0.00941807
0.00961909
0.0097931
0.00994011
0.0101951
0.0103691
0.0105612
0.0107982
0.0110622
0.00610059
0.0062656
0.00643061
0.00800183
0.00814884
0.00842185
0.00856886
0.00879688
0.00939096
0.00953798
0.00981999
0.010093
0.010258
0.0116651
0.0124422
0.0055766
0.00660175
0.00689584
0.00717785
0.00790993
0.00812895
0.00875
0.00927203
0.00955405
0.00982707
0.00997408
0.0102291
0.0103941
0.0106671
0.0108321
0.000791069
0.00498647
0.00612465
0.0069587
0.00750778
0.0076728
0.00789181
0.00806583
0.00877087
0.00894488
0.00954794
0.00982996
0.010316
0.0104811
0.0122301
0.00393024
0.00752761
0.00806563
0.00829365
0.00852166
0.00866867
0.00882469
0.00949072
0.00977273
0.00999174
0.0102738
0.0105468
0.0107478
0.0114168
0.0126079
0.000794054
0.00364025
0.0059786
0.00709069
0.00795173
0.00847381
0.00874683
0.00901985
0.00922986
0.00945788
0.00964089
0.010127
0.010649
0.010796
0.011033
0.00169317
0.00507259
0.00725677
0.00743078
0.00811794
0.00839995
0.00893101
0.00909602
0.00936903
0.00957904
0.0100131
0.0102321
0.0104871
0.0110451
0.0113091
0.00259619
0.0071087
0.00821282
0.00841383
0.00865984
0.00892386
0.00912487
0.00939789
0.0095899
0.00983591
0.0100459
0.0102739
0.0104929
0.010766
0.011432
0.00265422
0.00687478
0.00743281
0.00759782
0.0082369
0.00851892
0.00906593
0.00932995
0.00994198
0.010344
0.010509
0.010656
0.010803
0.0109501
0.0115711
0.0057426
0.00652368
0.00672469
0.00735472
0.00753774
0.00768475
0.00793976
0.00851082
0.0091229
0.00936892
0.00979394
0.00995895
0.010178
0.0108471
0.0118941
0.00618068
0.00682578
0.00697279
0.00739381
0.00761282
0.00797185
0.00875192
0.00976608
0.00992209
0.0100691
0.0103331
0.0105701
0.0107261
0.0109722
0.0111822
0.00267317
0.00637057
0.00655358
0.00786775
0.00801477
0.00826078
0.0084978
0.00870781
0.00890882
0.00916384
0.00982092
0.00997694
0.010223
0.010397
0.01067
0.00552366
0.00717978
0.00752779
0.0077288
0.00792981
0.00846984
0.00872486
0.00958094
0.009971
0.0103581
0.0109611
0.0113542
0.0115732
0.0117742
0.0120863
0.00832989
0.00858491
0.00883992
0.00902294
0.00918796
0.00942497
0.00969798
0.00988999
0.010118
0.010373
0.010637
0.010811
0.0109761
0.0111411
0.0113511
0.00584672
0.0063018
0.00652082
0.00668584
0.00725085
0.00762593
0.00804594
0.00822895
0.009082
0.00946201
0.00963603
0.0105241
0.0106801
0.0109172
0.0134852
0.0073818
0.00765481
0.00784683
0.00799385
0.00823986
0.00844088
0.00864189
0.0088159
0.00907991
0.00935292
0.00954494
0.00976395
0.010046
0.010256
0.010502
0.00181719
0.0067046
0.00755065
0.00778767
0.00839075
0.00855577
0.00905079
0.00925181
0.00963583
0.00979185
0.00997486
0.0102119
0.0104039
0.0105959
0.011091
0.00142713
0.00660376
0.00683178
0.00698779
0.00770183
0.00798384
0.00848792
0.00863493
0.00890795
0.00913596
0.00939997
0.00966399
0.0102041
0.0104411
0.0106241
0.00478451
0.00504852
0.00530354
0.00683772
0.0074998
0.00812882
0.0087499
0.00895992
0.00916994
0.00931695
0.00955397
0.00979998
0.010028
0.010184
0.011807
0.00262229
0.00544253
0.00655461
0.00743073
0.00785075
0.00861081
0.00899483
0.00922284
0.00947786
0.00965188
0.010906
0.0114911
0.0116471
0.0118212
0.0120042
0.00857197
0.00931304
0.00959505
0.00976006
0.00992507
0.0100991
0.0103361
0.0105191
0.0106751
0.0109482
0.0111402
0.0113592
0.0116142
0.0118422
0.0120972
0.00370565
0.00656895
0.00719299
0.00774502
0.00816504
0.00834805
0.00850407
0.00887008
0.0091251
0.00937112
0.00957214
0.0101662
0.0104392
0.0111313
0.0113143
0.0058029
0.00624798
0.00688105
0.00761807
0.00788208
0.00811009
0.00831111
0.00853013
0.00870415
0.00889617
0.00904318
0.0099233
0.0103614
0.0114715
0.0148675
0.0016396
0.00673428
0.00689029
0.00817034
0.00842535
0.00865336
0.00883638
0.00901039
0.00986751
0.0101315
0.0103595
0.0105606
0.0107706
0.0109176
0.0111546
0.00264877
0.00592817
0.00654923
0.00696025
0.00717026
0.00731727
0.0078303
0.00912142
0.00952345
0.00976047
0.0100635
0.0103456
0.0105826
0.0109577
0.0112037
0.00684479
0.00699181
0.00738485
0.00759486
0.00784987
0.00808689
0.0082609
0.00895703
0.00919405
0.00935906
0.00953307
0.0101411
0.0103062
0.0104532
0.0106632
0.00663062
0.00680463
0.00774672
0.00808573
0.00874276
0.00890777
0.00917178
0.00941779
0.00964581
0.00986483
0.0104769
0.0107589
0.01138
0.011608
0.011827
0.000949055
0.00635067
0.00649768
0.00687576
0.00707678
0.00726879
0.00783583
0.00807285
0.00935399
0.00952801
0.00977402
0.010011
0.010266
0.01053
0.0108031
0.00202917
0.00688078
0.00702779
0.00745082
0.00767883
0.009158
0.00931401
0.00949703
0.00969804
0.00997106
0.0101361
0.0103641
0.0105921
0.0107841
0.0110031
0.00590962
0.00752483
0.00832293
0.00851494
0.00874295
0.00889897
0.00913598
0.009373
0.009655
0.00989202
0.010138
0.010375
0.0106481
0.0108581
0.0115632
0.00369446
0.00401548
0.00584773
0.00599474
0.0080249
0.00819892
0.00841793
0.00860995
0.00881097
0.00897598
0.00912299
0.009543
0.0108972
0.0110622
0.0112093
0.00715896
0.00875212
0.00899813
0.00924414
0.00950816
0.00968217
0.00982919
0.0104162
0.0105992
0.0108632
0.0110192
0.0112382
0.0114663
0.0116403
0.0118773
0.00100513
0.0062698
0.00755094
0.00782396
0.00799797
0.00856501
0.00872102
0.00896703
0.00916805
0.00932406
0.0098281
0.0100471
0.0103111
0.0105301
0.0106862
0.0010611
0.00695768
0.00711369
0.0073507
0.00757872
0.00773473
0.00853482
0.00938485
0.00960386
0.00984988
0.0100869
0.0103239
0.0105519
0.0108249
0.011098
0.00713858
0.00858191
0.00973701
0.010019
0.010274
0.010511
0.0106851
0.0108321
0.0109791
0.0112251
0.0113901
0.0116721
0.0119182
0.0121012
0.0123292
0.00741269
0.00766771
0.00825279
0.0084988
0.00871781
0.00891883
0.00912884
0.00987887
0.0101159
0.0102809
0.0104279
0.011031
0.0116971
0.0118621
0.0120541
0.00799069
0.0082187
0.00839272
0.00862073
0.00877675
0.00895976
0.00917877
0.00945178
0.00962579
0.00981781
0.00997383
0.0101928
0.0103759
0.0105679
0.0107509
0.00721471
0.00744273
0.00768874
0.00794375
0.00809977
0.0090059
0.00923391
0.00948892
0.00972593
0.00992695
0.010101
0.010311
0.010548
0.010722
0.010995
0.00163417
0.00640277
0.00741992
0.00770194
0.00786695
0.00835299
0.008545
0.00873702
0.00897403
0.00913004
0.00931305
0.00948707
0.00969708
0.0102462
0.0104382
0.00233416
0.00365731
0.00671564
0.00710866
0.00729167
0.00842077
0.00877779
0.00902381
0.00943484
0.00966286
0.0102389
0.0105209
0.0107759
0.011004
0.011232
0.00522432
0.00582741
0.00681749
0.00881378
0.00939881
0.00980982
0.0100378
0.0102029
0.0103499
0.0105599
0.0108149
0.0109889
0.0113779
0.0115339
0.012083
0.0062558
0.00736588
0.00795093
0.00810694
0.00838896
0.00858098
0.00882699
0.009028
0.00928302
0.00954704
0.00982005
0.0100931
0.0103301
0.0105311
0.0107681
0.00728873
0.00757075
0.00781676
0.00804477
0.00859383
0.00886684
0.00914886
0.00933187
0.00948788
0.0096979
0.00995291
0.0102079
0.0103999
0.0106639
0.01091
0.00633779
0.00674881
0.00696782
0.00722283
0.00747784
0.00815591
0.00853094
0.00881296
0.00904097
0.00932299
0.009506
0.00970701
0.0102921
0.0105111
0.0107931
0.00555373
0.00619782
0.00770196
0.00797498
0.008257
0.00923212
0.00938813
0.00955314
0.00980815
0.0100542
0.0103092
0.0105282
0.0108102
0.0110832
0.0113022
0.00327737
0.00678088
0.00699989
0.00752891
0.00807794
0.00838997
0.00874699
0.00897501
0.00923002
0.00965909
0.00990511
0.0102802
0.0104272
0.0106732
0.0117112
0.00769974
0.00807281
0.00822883
0.00879592
0.00907793
0.00926994
0.00986397
0.010083
0.010284
0.010431
0.010623
0.010797
0.0109801
0.0111721
0.0114181
0.00576571
0.0073669
0.00760392
0.00786793
0.00862997
0.00891198
0.00905899
0.00982107
0.0104902
0.0107452
0.0109552
0.0112012
0.0114112
0.0116572
0.0118402
0.00657663
0.00737275
0.00812288
0.00879197
0.00904698
0.00985403
0.010064
0.0103101
0.0105381
0.0107031
0.0109041
0.0111051
0.0112521
0.0115251
0.0126352
0.00639074
0.00682277
0.00702378
0.00799285
0.00893498
0.009136
0.00937301
0.00955602
0.00982004
0.0101911
0.0103471
0.0105661
0.0107671
0.0109411
0.0111781
0.000657077
0.00469545
0.00657466
0.00816279
0.00882481
0.00910682
0.00937083
0.00951785
0.00968287
0.00991988
0.0105589
0.0107149
0.01097
0.011162
0.01139
0.0052426
0.00652366
0.00680567
0.0100011
0.0102381
0.0108142
0.0109702
0.0112342
0.0114712
0.0117082
0.0119183
0.0121823
0.0123743
0.0126473
0.0127943
0.000790055
0.00745278
0.00768079
0.00789081
0.00804683
0.00848791
0.00886294
0.00941198
0.00979599
0.00996101
0.01018
0.010381
0.010591
0.0111671
0.0116101
0.00276923
0.00761266
0.00907985
0.00923587
0.00947289
0.0100639
0.010475
0.010622
0.010787
0.0111481
0.0113581
0.0115861
0.0117511
0.0119881
0.0121801
0.00595665
0.00915999
0.00936101
0.00958002
0.00974503
0.0103211
0.0105581
0.0108401
0.0111131
0.0113681
0.0115152
0.0117792
0.0127473
0.0129393
0.0131133
0.00555068
0.00585677
0.00741393
0.00798996
0.00825398
0.00841
0.00862901
0.00929509
0.0094511
0.00960711
0.00979013
0.00995514
0.0101651
0.0103212
0.0105582
0.00246219
0.00665071
0.00698073
0.00717275
0.00755677
0.00772178
0.0079768
0.00869084
0.0092399
0.00984298
0.0104101
0.0106201
0.0107761
0.0110131
0.0112681
0.00537164
0.00579166
0.00619368
0.00635869
0.00658671
0.00769378
0.0078408
0.00878292
0.00895694
0.00962297
0.0102081
0.0104901
0.0107631
0.0109101
0.0111291
0.0076068
0.00778081
0.00793683
0.00820084
0.00846486
0.00913092
0.00933193
0.00947895
0.00968897
0.01022
0.01043
0.010631
0.010913
0.0111411
0.0113961
0.00725168
0.00763876
0.00794179
0.00830186
0.00853887
0.00875789
0.0089589
0.00923191
0.00937892
0.00993701
0.01012
0.010285
0.0104411
0.0106691
0.0109061
0.00185018
0.00552353
0.00603159
0.0062506
0.0078409
0.00872896
0.00891198
0.009194
0.00935001
0.00958703
0.00974305
0.00992606
0.0100911
0.0103551
0.0105651
0.007157
0.00742101
0.00838111
0.00853712
0.00868414
0.00906815
0.00934117
0.0098543
0.0103943
0.0109884
0.0112074
0.0117494
0.0119954
0.0121964
0.0123525
0.00171608
0.00682767
0.00792479
0.0081798
0.00839881
0.00858183
0.00917586
0.00935886
0.00955088
0.0097069
0.00986291
0.0101179
0.0103549
0.010556
0.010748
0.00624755
0.00695261
0.00797872
0.00812573
0.00884188
0.00902489
0.00918991
0.00962598
0.00981799
0.010064
0.0106401
0.0108861
0.0111231
0.0113511
0.0115521
0.00324842
0.00528367
0.00691179
0.00740687
0.00765289
0.00818792
0.00841593
0.00922998
0.00998202
0.010156
0.01057
0.0107261
0.0116022
0.0128922
0.0148753
0.00332267
0.00627207
0.00732514
0.00753515
0.00827903
0.00849804
0.00864505
0.00887307
0.00909208
0.00937409
0.0103072
0.0104542
0.0110752
0.0112222
0.0114413
0.00759905
0.00782706
0.00807307
0.00822009
0.0084931
0.00872112
0.00889514
0.00908715
0.00928816
0.00948017
0.00976219
0.0099182
0.010496
0.010679
0.010835