RTT
0.046485
0.0475731
0.0574597
0.075729
0.075894
0.0761401
0.0764077
0.0264221
0.0766531
0.0770201
0.0774041
0.0775782
0.0783412
0.0785872
0.0296574
0.0316766
0.0318596
0.0325556
0.0838274
0.0338417
0.0840318
0.0340458
0.084272
0.0342859
0.0844486
0.0344629
0.0846705
0.0346849
0.0848481
0.034862
0.0851151
0.035129
0.0854087
0.0354231
0.0855862
0.0356001
0.0858312
0.0864692
0.0867194
0.0367333
0.0868965
0.0369104
0.0871811
0.0371954
0.0874575
0.0374715
0.0877152
0.0377295
0.0879649
0.0379785
0.0881687
0.0381826
0.0884178
0.0384317
0.0887077
0.0888501
0.0388638
0.0391128
0.0398099
0.0399749
0.0402119
0.0403949
0.0919413
0.0419552
0.042217
0.0922312
0.0924753
0.0424893
0.0927064
0.0427203
0.0928925
0.0429064
0.0435544
0.0438364
0.0939696
0.0439835
0.0942456
0.0442595
0.197455
0.197821
0.199744
0.204234
0.211426
0.211894
0.212318
0.212702
0.212885
0.213269
0.213452
0.213818
0.213983
0.214478
0.214652
0.214845
0.215118
0.215502
0.215667
0.216461
0.216845
0.217385
0.217631
0.217997
0.219479
0.22295
0.224477
0.225509
0.12664
0.22733
0.231521
0.233687
0.23399
0.243518
0.0969084
0.0994524
0.260863
0.111019
0.111523
0.111769
0.26254
0.26275
0.116501
0.268946
0.0253604
0.278129
0.278702
0.0346125
0.187355
0.295812
0.109204
0.091681
0.196574
0.0976601
0.19907
0.149877
0.160982
0.211312
0.111681
0.211696
0.111936
0.212218
0.2138
0.217234
0.0236752
0.228325
0.229312
0.229633
0.238171
0.238564
0.238948
0.0902145
0.0906075
0.194592
0.24506
0.245333
0.0963287
0.247217
0.0981948
0.248678
0.249089
0.099662
0.250028
0.112422
0.112623
0.113368
0.213578
0.263935
0.265064
0.215238
0.265641
0.216297
0.216543
0.21669
0.217272
0.217693
0.219571
0.119919
0.221815
0.222208
0.124509
0.225064
0.176096
0.277857
0.181409
0.281793
0.284877
0.285756
0.0912971
0.192122
0.193397
0.0948343
0.19532
0.0954674
0.0963734
0.24763
0.159716
0.210435
0.260783
0.210948
0.311095
0.212758
0.212932
0.213115
0.314117
0.214853
0.265613
0.216015
0.216573
0.217257
0.217623
0.219372
0.219864
0.471634
0.222054
0.222465
0.222813
0.223224
0.325183
0.225597
0.225789
0.226155
0.327646
0.228048
0.179935
0.381876
0.232306
0.182987
0.18446
0.18533
0.0867667
0.337664
0.23803
0.188594
0.138969
0.0908379
0.093112
0.34355
0.0946
0.195479
0.246025
0.0991812
0.254514
0.104978
0.407434
0.107969
0.262183
0.362197
0.212869
0.213685
0.21385
0.114042
0.214225
0.214738
0.215314
0.115551
0.21602
0.216266
0.21665
0.217364
0.217757
0.219352
0.220087
0.221371
0.371518
0.221938
0.224473
0.224866
0.225268
0.177803
0.228826
0.181092
0.181737
0.182949
0.233522
0.235418
0.186297
0.236708
0.387245
0.188772
0.0391739
0.241052
0.094154
0.195609
0.0962001
0.0967461
0.0974722
0.197892
0.0982313
0.0986153
0.209532
0.210857
0.211392
0.211867
0.21214
0.212332
0.212488
0.212761
0.212908
0.213712
0.214042
0.214529
0.16569
0.216479
0.216662
0.217223
0.217388
0.217625
0.217853
0.218183
0.168366
0.218976
0.219802
0.221275
0.222322
0.123147
0.227491
0.278361
0.134154
0.185528
0.19151
0.192704
0.193136
0.143484
0.0938412
0.194051
0.0943993
0.245017
0.196688
0.247081
0.0982034
0.213299
0.113692
0.213875
0.114049
0.214304
0.214532
0.214769
0.215033
0.215253
0.267071
0.0209936
0.221882
0.222572
0.223433
0.223808
0.227198
0.229976
0.180675
0.231113
0.131506
0.182061
0.233057
0.185007
0.23549
0.236234
0.188148
0.189756
0.240419
0.242747
0.19431
0.196278
0.19668
0.197496
0.0979165
0.198328
0.199054
0.199834
0.256392
0.208272
0.108749
0.108896
0.159347
0.109584
0.209758
0.110302
0.210459
0.260633
0.112532
0.214405
0.214753
0.217167
0.217515
0.268889
0.219309
0.220386
0.220815
0.22182
0.223797
0.226917
0.227301
0.279602
0.131967
0.283408
0.183738
0.184608
0.235802
0.186447
0.188505
0.189204
0.191217
0.092357
0.192744
0.142918
0.195093
0.0958642
0.246257
0.146704
0.0978443
0.148318
0.198747
0.259051
0.209677
0.109896
0.260055
0.21007
0.211509
0.261842
0.211857
0.112928
0.213201
0.216149
0.1168
0.217169
0.217343
0.218673
0.218986
0.119355
0.219556
0.220081
0.220282
0.220564
0.270747
0.521152
0.121353
0.222277
0.222616
0.235006
0.236191
0.238357
0.191504
0.143418
0.245557
0.24604
0.146632
0.546953
0.198228
0.0985936
0.110007
0.210022
0.260217
0.110962
0.111635
0.211649
0.211982
0.212522
0.263086
0.213287
0.563708
0.114258
0.114681
0.214963
0.115356
0.215638
0.217069
0.117831
0.218206
0.219778
0.220774
0.221113
0.271893
0.222529
0.2233
0.223696
0.223888
0.224362
0.224963
0.225311
0.225686
0.227366
0.228164
0.228548
0.230228
0.23063
0.180987
0.233045
0.184806
0.136648
0.138094
0.238478
0.238844
0.191586
0.24197
0.142372
0.543512
0.194904
0.595199
0.0972566
0.0987566
0.199654
0.609533
0.610064
0.211068
0.111082
0.112482
0.212896
0.113142
0.113284
0.213298
0.213556
0.214207
0.614222
0.114537
0.614687
0.214702
0.214924
0.21517
0.115389
0.215626
0.216037
0.117075
0.219751
0.220945
0.171284
0.2221
0.223069
0.0233811
0.223783
0.224617
0.225001
0.227491
0.227911
0.130293
0.633269
0.233689
0.2354
0.185814
0.185997
0.636546
0.136711
0.586984
0.637278
0.638436
0.238856
0.640888
0.194989
0.195409
0.0966026
0.247698
0.198091
0.198475
0.100038
0.109604
0.110135
0.660675
0.661068
0.111305
0.261617
0.2118
0.11284
0.213143
0.213995
0.214991
0.216653
0.217946
0.219185
0.269951
0.670356
0.12054
0.220888
0.671311
0.62153
0.624731
0.175602
0.225794
0.22616
0.226424
0.228797
0.229199
0.179709
0.680786
0.131386
0.231761
0.232154
0.683465
0.235586
0.136591
0.0405214
0.0932545
0.144026
0.0956696
0.198412
0.105911
0.206223
0.257413
0.109383
0.262957
0.212971
0.713791
0.214157
0.214469
0.215027
0.715567
0.215831
0.26636
0.216507
0.116918
0.718118
0.218853
0.26948
0.270917
0.222156
0.222468
0.124319
0.274838
0.22695
0.227722
0.728657
0.230274
0.180676
0.232581
0.233955
0.234276
0.237198
0.239355
0.240864
0.691248
0.242982
0.193357
0.0968732
0.0974102
0.253232
0.209607
0.210978
0.111774
0.261788
0.261974
0.212462
0.262476
0.262872
0.213678
0.214038
0.264053
0.265203
0.115359
0.165506
0.216629
0.117197
0.117398
0.217545
0.217902
0.218433
0.218715
0.019126
0.219492
0.220287
0.221568
0.222573
0.223014
0.22317
0.223527
0.224934
0.0262875
0.226888
0.227695
0.228052
0.228445
0.228829
0.329249
0.229615
0.230161
0.232534
0.132945
0.183896
0.185594
0.190496
0.0945611
0.245638
0.2482
0.209709
0.209856
0.211475
0.113303
0.116019
0.116421
0.216685
0.216877
0.217105
0.217315
0.121836
0.272146
0.22216
0.122547
0.222811
0.223012
0.223569
0.225132
0.225553
0.225718
0.126299
0.226509
0.226656
0.176803
0.226986
0.227382
0.928305
0.228824
0.230754
0.931165
0.231384
0.233673
0.935481
0.986729
0.237152
0.938049
0.239639
0.139996
0.991055
0.0933197
0.193821
0.244907
0.0966588
0.99896
0.104873
0.257431
0.257872
1.01024
0.11093
0.211702
0.262354
0.262808
0.212822
0.213252
0.213435
0.214129
0.214924
0.265281
0.215665
0.216187
0.217222
0.218209
0.220925
0.224126
0.225878
0.226283
0.226493
0.0288207
0.229196
0.23021
0.181215
0.231575
0.231731
0.232217
0.232418
0.182748
0.18342
0.183759
0.235133
0.185517
0.185883
0.18804
0.191673
0.0957068
0.196146
1.04634
0.996344
1.09636
1.04657
0.996576
1.09659
1.04742
0.997421
1.09743
1.04764
0.997643
0.947655
0.997872
1.04789
0.198108
0.0982552
0.249512
0.110923
0.261744
0.112119
0.262365
0.213135
0.263149
0.263687
0.213701
0.214071
0.214308
0.214798
0.264945
0.215092
0.265757
0.216123
0.21627
0.216828
0.216993
0.217275
0.2178
0.118179
0.118452
0.219112
0.219259
0.271371
0.221755
0.122131
0.123349
0.223724
0.224576
0.225149
0.275551
0.177771
1.12812
0.230438
0.230912
0.131332
0.181977
0.133323
0.186281
0.237214
0.187589
1.13796
0.188204
0.139983
0.194075
0.195008
0.0960135
0.0977295
0.148153
0.0985547
0.198747
0.0998237
0.208008
0.109189
0.259679
0.210668
0.210833
0.212471
0.113507
0.113886
0.214306
0.214636
0.215011
0.215248
0.215752
1.16614
0.216337
0.216649
0.217309
0.217465
0.217693
0.218095
0.118846
0.221036
0.221393
0.171804
0.222116
0.222878
0.223208
0.223817
0.274534
0.226898
0.17748
0.228557
0.232316
0.233726
0.135919
0.186375
0.136723
0.140689
0.191667
0.0919795
0.0939475
0.213568
0.213787
0.113979
0.214345
0.215105
0.215252
0.215797
0.216136
0.216292
0.216547
0.21694
0.267114
0.217261
0.217663
0.217855
0.218572
0.219109
0.21998
0.220436
0.221351
0.22187
0.224531
0.22487
0.276883
0.227276
0.227678
0.185426
0.236251
0.0935291
1.2439
0.195971
0.146346
0.246847
0.0972133
0.19766
0.198728
0.199706
0.210642
0.210789
0.210936
0.112191
0.162342
0.212356
0.213241
0.213415
0.213929
0.214344
0.26474
0.266422
0.216659
0.216878
0.217052
0.218576
0.218732
0.219191
0.219575
0.220106
0.2213
0.224354
0.175251
0.225897
0.227199
0.177754
1.27825
0.228585
0.229134
0.279326
0.231681
0.232032
0.182278
0.233976
0.284378
0.237921
0.138296
0.139121
0.239676
0.240915
0.242361
0.242763
0.193312
0.193504
0.0938074
0.0954244
0.0962585
0.19658
0.207962
0.208569
0.210774
0.111685
0.212974
0.213257
0.213494
0.213902
0.214779
0.215243
0.215603
0.21584
0.216251
0.218034
0.218427
0.268847
0.120401
0.220947
0.221286
0.222828
0.225237
0.227079
0.227499
0.177886
0.278043
0.22849
0.229072
0.23203
0.232432
0.182897
0.233245
0.183638
0.235552
0.236116
0.236725
0.237826
0.188453
0.239296
0.239716
0.240883
0.0912942
0.242371
0.242935
0.194453
0.246529
0.160463
0.210784
0.260967
0.211168
0.211351
0.211534
0.162234
0.212741
0.213236
0.213697
0.21462
0.215043
0.215208
0.215739
0.216051
0.216399
0.216747
0.217206
0.217527
0.217866
0.21862
0.22044
0.220788
0.171168
0.221333
0.221552
0.221798
0.121954
0.222209
0.222455
0.22514
0.225875
0.226232
0.232574
0.233804
0.284146
0.184302
0.235712
0.236411
0.236732
0.237107
0.237833
0.238271
0.191922
0.245133
0.195823
0.0968276
0.19732
0.198694
0.0990957
0.199984
0.111031
0.211045
0.111932
0.162472
0.262892
0.213703
0.313717
0.264206
0.214554
0.214973
0.215393
0.215594
0.215942
0.216353
0.216764
0.216929
0.217906
0.21823
0.218395
0.218953
0.219199
0.119736
0.219751
0.219973
0.220375
0.320522
0.271093
0.22124
0.221405
0.221642
0.222062
0.222419
0.224783
0.225437
0.226478
0.229445
0.230153
0.231149
0.185485
0.238227
0.138854
0.191045
0.242041
0.14445
0.0954642
0.195857
0.246808
0.247282
0.197702
0.24805
0.199118
0.160155
0.110169
0.210328
0.211015
0.211399
0.262384
0.112741
0.213248
0.215339
0.215957
0.216377
0.118588
0.219458
0.220607
0.223016
0.223805
0.275242
0.225644
0.226208
0.227186
0.227606
0.228056
0.228431
0.228677
0.229439
0.229922
0.230628
0.23082
0.231142
0.231679
0.233134
0.233878
0.234991
0.235411
0.237631
0.238024
0.238426
0.24178
0.192173
0.242989
0.193832
0.197591
0.247957
0.0982962
0.248707
0.199577
0.19988
0.250479
0.205138
0.2093
0.213678
0.264201
0.21475
0.215005
0.215224
0.215731
0.265896
0.26643
0.116845
0.217415
0.217571
0.21929
0.269602
0.220742
0.222089
0.223949
0.125134
0.227102
0.17746
0.227826
0.228228
0.229098
0.180778
0.234159
0.184561
0.234972
0.235473
0.235905
0.236106
0.136463
0.23763
0.238023
0.238365
0.238647
0.239211
0.189577
0.0904022
0.190786
0.243472
0.0947831
0.195734
0.146595
0.19787
0.19856
0.248926
0.199346
0.249649
0.112565
0.112886
0.21339
0.213663
0.213918
0.264342
0.214579
0.21478
0.164927
0.215128
0.315829
0.215843
0.21656
0.216797
0.21707
0.267217
0.217427
0.217619
0.221586
0.222006
0.222624
0.273035
0.224517
0.224901
0.225348
0.22575
0.126873
0.228103
0.229378
0.229996
0.230407
0.231151
0.181931
0.232414
0.233059
0.233641
0.284016
0.234958
0.235288
0.135663
0.236056
0.237079
0.187445
0.187802
0.239158
0.240055
0.343814
0.248923
0.249811
0.206545
0.107179
0.210836
0.211595
0.26242
0.212621
0.212927
0.112942
0.213101
0.213605
0.213824
0.214199
0.114767
0.215352
0.215718
0.266423
0.218074
0.168329
0.218602
0.220039
0.22024
0.322727
0.223148
0.223757
0.224483
0.224876
0.225935
0.226418
0.226823
0.127207
0.227435
0.227819
0.228029
0.22997
0.230615
0.181029
0.231275
0.23318
0.233915
0.237485
0.138157
0.238883
0.139636
0.24236
0.243293
0.343993
0.245629
0.246652
0.0979001
0.212517
0.26307
0.21328
0.213482
0.213902
0.214148
0.114412
0.216005
0.217658
0.219023
0.219533
0.219908
0.220283
0.220685
0.221105
0.221912
0.223137
0.223569
0.223971
0.274235
0.274862
0.126029
0.226431
0.177428
0.228235
0.229222
0.229633
0.231115
0.232759
0.133206
0.233815
0.234217
0.285294
0.0856329
0.236026
0.237193
0.187604
0.238798
0.239524
0.240295
0.391111
0.141531
0.192509
0.193568
0.243943
0.195569
0.247313
0.197487
0.19776
0.298217
0.210454
0.21104
0.21304
0.263544
0.264615
0.214852
0.165053
0.265438
0.215603
0.215759
0.21596
0.267401
0.2181
0.220218
0.0207457
0.221436
0.22209
0.222816
0.223191
0.223656
0.224031
0.224409
0.274655
0.224994
0.22536
0.275717
0.226911
0.17725
0.2277
0.228021
0.278195
0.229281
0.230305
0.230878
0.231289
0.231628
0.232048
0.232459
0.282879
0.234856
0.285465
0.236236
0.236641
0.236842
0.241987
0.194171
0.145032
0.245452
0.196565
0.248092
0.198512
0.0988242
0.112862
0.213388
0.114043
0.214057
0.214435
0.114645
0.215038
0.215222
0.215636
0.316176
0.216569
0.217008
0.21732
0.267503
0.217659
0.217941
0.21858
0.218883
0.219258
0.270902
0.222721
0.222877
0.225997
0.226345
0.127251
0.177635
0.22837
0.228737
0.229115
0.229307
0.229628
0.230021
0.230745
0.231058
0.231331
0.231727
0.231937
0.235345
0.235927
0.236311
0.236641
0.187259
0.187661
0.139467
0.240517
0.19094
0.241132
0.191768
0.192137
0.192557
0.192705
0.143773
0.24503
0.0954406
0.146437
0.197784
0.248114
0.198831
0.208765
0.209318
0.26071
0.213033
0.213261
0.213672
0.213819
0.214047
0.114451
0.215024
0.215438
0.215612
0.215969
0.216143
0.216647
0.217005
0.217206
0.217371
0.218079
0.218271
0.219321
0.219486
0.219873
0.220296
0.220452
0.220626
0.220965
0.221121
0.22134
0.221595
0.221805
0.222033
0.222336
0.272573
0.222774
0.226362
0.227151
0.228697
0.183194
0.234361
0.285474
0.237847
0.141975
0.242719
0.0969818
0.155868
0.109363
0.109528
0.210694
0.212933
0.213799
0.214009
0.21437
0.214763
0.215325
0.115481
0.216429
0.216585
0.216786
0.217101
0.217303
0.217645
0.218198
0.218399
0.220059
0.222009
0.222411
0.222639
0.225774
0.226122
0.22764
0.228054
0.228228
0.228612
0.230247
0.232881
0.134885
0.235296
0.236085
0.236505
0.188554
0.189065
0.240583
0.241615
0.243529
0.244354
0.244774
0.245527
0.196325
0.109077
0.209877
0.11067
0.210684
0.160844
0.211009
0.211553
0.112377
0.212578
0.212833
0.213007
0.263163
0.263373
0.213538
0.21407
0.214382
0.216963
0.167518
0.217821
0.218154
0.218469
0.218874
0.219138
0.219303
0.219459
0.219732
0.2202
0.220383
0.220707
0.220935
0.2214
0.222054
0.222456
0.273993
0.224602
0.225124
0.225379
0.275727
0.22648
0.177305
0.177701
0.227866
0.232048
0.232936
0.234373
0.137187
0.238003
0.238423
0.239428
0.0898482
0.292869
0.194027
0.196994
0.247972
0.198797
0.149109
0.259022
0.209753
0.210119
0.210793
0.211617
0.261931
0.212846
0.113318
0.214091
0.214803
0.21516
0.265352
0.215508
0.215883
0.216129
0.216481
0.166989
0.217181
0.217382
0.21792
0.117934
0.268505
0.218679
0.219063
0.219345
0.219519
0.220398
0.22098
0.222052
0.222199
0.222889
0.225358
0.227461
0.230824
0.233566
0.234103
0.235108
0.136257
0.23674
0.087799
0.189191
0.18962
0.193235
0.0937903
0.0944173
0.196061
0.197201
0.247558
0.24811
0.148321
0.248504
0.14905
0.223562
0.224106
0.224262
0.224796
0.22531
0.225694
0.225967
0.226297
0.276444
0.276672
0.2269
0.228083
0.228559
0.228742
0.229434
0.279666
0.22968
0.229911
0.230469
0.231912
0.233394
0.234797
0.235034
0.236316
0.236518
0.23671
0.238075
0.238468
0.239532
0.23988
0.242319
0.242475
0.243002
0.196676
0.247051
0.247421
0.197435
0.247832
0.298114
0.149969
0.263146
0.166017
0.216533
0.217094
0.267473
0.217487
0.218103
0.268352
0.218367
0.268592
0.218607
0.218847
0.219057
0.219445
0.219628
0.219901
0.220312
0.220516
0.270531
0.270936
0.221164
0.221437
0.22171
0.221866
0.122932
0.172946
0.223105
0.223279
0.123664
0.223865
0.22424
0.224387
0.224561
0.224807
0.224972
0.225128
0.225356
0.225512
0.225695
0.126131
0.226145
0.226568
0.126742
0.227063
0.2273
0.22751
0.229775
0.230195
0.230975
0.18162
0.182113
0.182947
0.183403
0.186802
0.238167
0.138911
0.189241
0.191065
0.241449
0.191869
0.244719
0.147326
0.198124
0.210053
0.210888
0.211519
0.214145
0.214337
0.264649
0.215201
0.215541
0.116497
0.216512
0.216725
0.217567
0.217741
0.218071
0.218272
0.218851
0.219016
0.21919
0.219907
0.221249
0.221789
0.222045
0.222681
0.222828
0.223239
0.0234847
0.275317
0.0258428
0.226263
0.227052
0.227472
0.227736
0.128084
0.180577
0.238809
0.240039
0.243429
0.243849
0.24642
0.213088
0.213316
0.113618
0.213632
0.264001
0.214322
0.214709
0.215176
0.215592
0.115793
0.216853
0.21774
0.167995
0.218601
0.218766
0.120209
0.220224
0.2205
0.220773
0.17146
0.171643
0.171889
0.172081
0.122228
0.222384
0.222735
0.223092
0.223239
0.223485
0.223797
0.223953
0.225269
0.225416
0.225572
0.225782
0.226055
0.22663
0.177266
0.177458
0.177695
0.22807
0.228622
0.129177
0.229396
0.229798
0.230146
0.130329
0.130575
0.231436
0.231838
0.182369
0.284292
0.235027
0.236644
0.0878655
0.288592
0.239003
0.191036
0.0914136
0.141837
0.242038
0.24232
0.192494
0.143013
0.243415
0.246832
0.247237
0.0974201
0.198445
0.149576
0.111267
0.111597
0.112211
0.112367
0.112523
0.113004
0.113298
0.213949
0.116658
0.117001
0.117532
0.117769
0.11843
0.218604
0.11885
0.119262
0.119673
0.219865
0.220012
0.220316
0.170562
0.121701
0.221984
0.0229566
0.124391
0.225036
0.125411
0.227046
0.227439
0.128558
0.129347
0.22986
0.230271
0.23049
0.23085
0.131252
0.231408
0.131999
0.282428
0.232776
0.0334752
0.235029
0.0354223
0.23577
0.236172
0.136871
0.237831
0.138629
0.239049
0.239767
0.241726
0.243028
0.243943
0.14558
0.247953
0.248355
0.249198
0.0996358
0.250002
0.112091
0.112889
0.113036
0.263291
0.263438
0.263888
0.264811
0.215085
0.26525
0.265487
0.266249
0.116405
0.26657
0.216735
0.267092
0.167467
0.267632
0.267887
0.218034
0.219504
0.269834
0.221646
0.272516
0.222873
0.22324
0.224416
0.225025
0.225391
0.225973
0.276663
0.0771937
0.227422
0.228751
0.279174
0.279357
0.2802
0.230692
0.281058
0.231406
0.231952
0.132813
0.183317
0.183581
0.236548
0.236914
0.237418
0.23773
0.138042
0.288225
0.288573
0.239974
0.190349
0.140805
0.242126
0.243689
0.0940367
0.244601
0.0957407
0.246119
0.246266
0.246623
0.197322
0.247742
0.264397
0.115646
0.115985
0.216141
0.317803
0.117818
0.118232
0.268388
0.268571
0.268718
0.119012
0.269373
0.119578
0.219592
0.269859
0.120051
0.120315
0.220466
0.27048
0.220903
0.121424
0.221616
0.271799
0.123172
0.123436
0.223641
0.273655
0.273815
0.0241536
0.224556
0.22482
0.225532
0.326354
0.226369
0.126537
0.326768
0.226783
0.227005
0.0277189
0.227956
0.228229
0.278403
0.229459
0.229834
0.2302
0.0312164
0.231636
0.182341
0.234291
0.235558
0.185954
0.0361996
0.186782
0.2374
0.238495
0.23887
0.139272
0.239674
0.0905439
0.241063
0.241618
0.142002
0.142413
0.143427
0.195089
0.195455
0.0964063
0.206316
0.259361
0.209789
0.060444
0.110894
0.212013
0.212499
0.263715
0.215178
0.265352
0.215625
0.165781
0.216138
0.216402
0.217864
0.21802
0.21907
0.219598
0.220441
0.222775
0.223942
0.224669
0.225485
0.17595
0.226454
0.226601
0.228659
0.229118
0.229283
0.229715
0.230045
0.230318
0.230519
0.230666
0.233318
0.238157
0.240998
0.241715
0.243584
0.243914
0.0953062
0.197679
0.0980813
0.248996
0.0146865
0.265715
0.116273
0.116492
0.26684
0.217005
0.117353
0.117873
0.217887
0.118274
0.219638
0.120206
0.22038
0.321847
0.222579
0.123137
0.12389
0.0245736
0.22563
0.176545
0.127712
0.228501
0.179976
0.0302879
0.2307
0.23119
0.231454
0.23185
0.232162
0.232573
0.232801
0.233329
0.233803
0.234107
0.0346766
0.234842
0.235208
0.235436
0.235991
0.238679
0.239081
0.239807
0.0410278
0.0926718
0.243587
0.244025
0.244409
0.244802
0.245366
0.0957861
0.246782
0.0480122
0.248405
0.0488162
0.1065
0.257443
0.258647
0.261023
0.11117
0.262655
0.213177
0.163676
0.264377
0.314801
0.215168
0.215405
0.265633
0.217691
0.268978
0.169623
0.220154
0.274036
0.224438
0.225992
0.228527
0.278938
0.232283
0.235178
0.237065
0.237458
0.188049
0.239423
0.240473
0.241245
0.241647
0.243165
0.0935936
0.244707
0.245037
0.245439
0.245868
0.246315
0.247122
0.247479
0.198592
0.249003
0.249684
0.102112
0.103916
0.262949
0.213789
0.263803
0.267336
0.117337
0.21735
0.16841
0.268424
0.268673
0.26985
0.270162
0.120844
0.271055
0.221202
0.221541
0.271724
0.171916
0.122282
0.174288
0.274453
0.275494
0.27565
0.125815
0.276083
0.226085
0.126097
0.27741
0.177424
0.277877
0.228289
0.228529
0.0287116
0.228859
0.229132
0.229387
0.229798
0.230429
0.28096
0.231839
0.0323789
0.232643
0.033403
0.23376
0.283907
0.234054
0.13421
0.234414
0.0352384
0.0371855
0.237578
0.0386936
0.0414508
0.241598
0.0417899
0.241937
0.04248
0.24269
0.242855
0.243083
0.293248
0.243503
0.244112
0.244775
0.245186
0.0955523
0.245954
0.246896
0.297319
0.247538
0.0977664
0.24959
0.112562
0.262892
0.11328
0.213294
0.21348
0.163886
0.264069
0.214316
0.264535
0.264691
0.264919
0.215249
0.215414
0.265726
0.266128
0.216592
0.217331
0.267613
0.167868
0.268033
0.268288
0.219281
0.269656
0.219875
0.221207
0.223232
0.223608
0.225008
0.22622
0.227342
0.22841
0.22892
0.229232
0.229616
0.229973
0.230564
0.230984
0.231341
0.231707
0.232028
0.232403
0.282769
0.233153
0.233582
0.233984
0.234407
0.23459
0.235586
0.235952
0.23639
0.236793
0.0887696
0.0891626
0.239727
0.241236
0.193375
0.194515
0.145187
0.199774
0.257385
0.263757
0.264837
0.214851
0.265251
0.116109
0.166626
0.266966
0.118411
0.168813
0.219975
0.020511
0.020784
0.121141
0.021306
0.221674
0.173872
0.224103
0.124435
0.224778
0.0247915
0.225308
0.0255116
0.226043
0.226556
0.226721
0.0269848
0.227405
0.0276688
0.228071
0.22829
0.228473
0.230313
0.0303431
0.230511
0.230721
0.230976
0.231423
0.232425
0.232866
0.233232
0.233388
0.233773
0.234103
0.235017
0.235833
0.0360878
0.236253
0.236799
0.237183
0.13754
0.238086
0.239325
0.239682
0.240372
0.241557
0.191941
0.242352
0.243195
0.243624
0.24399
0.195967
0.246414
0.209879
0.110107
0.210446
0.21095
0.212161
0.162317
0.212501
0.112858
0.213214
0.213598
0.263745
0.21428
0.265717
0.219053
0.224225
0.226625
0.2279
0.229247
0.229559
0.229871
0.230273
0.230624
0.23078
0.232019
0.282422
0.233418
0.233955
0.234369
0.234543
0.235188
0.235575
0.235767
0.236655
0.187168
0.237315
0.23778
0.238335
0.238755
0.239175
0.240792
0.242148
0.244341
0.196795
0.198592
0.0156567
0.269146
0.269521
0.119686
0.219833
0.119989
0.120154
0.27052
0.0207575
0.0209945
0.0217085
0.0218646
0.222351
0.272534
0.0232477
0.0235117
0.273758
0.223959
0.224361
0.0246069
0.225138
0.225312
0.226391
0.0266732
0.227264
0.227741
0.227888
0.22865
0.129547
0.229913
0.0307985
0.231831
0.232242
0.232653
0.234351
0.234771
0.235425
0.236061
0.236787
0.237297
0.237744
0.239064
0.2406
0.243927
0.0946891
0.245874
0.246276
0.246615
0.0977193
0.248661
0.255806
0.207058
0.259631
0.260531
0.261321
0.211723
0.2631
0.263867
0.164197
0.214371
0.214782
0.214938
0.215739
0.217141
0.21802
0.21916
0.220228
0.22063
0.222668
0.224087
0.225047
0.225755
0.276778
0.227441
0.228293
0.228668
0.229016
0.229449
0.229686
0.230019
0.230184
0.231189
0.182392
0.282803
0.233298
0.23358
0.234837
0.235233
0.235398
0.235773
0.236994
0.237792
0.238488
0.238689
0.288953
0.239349
0.239514
0.290087
0.24048
0.2409
0.0931205
0.248698
0.217246
0.217486
0.218056
0.118461
0.168719
0.320714
0.271053
0.2712
0.271347
0.271593
0.121785
0.321927
0.0219568
0.272901
0.22312
0.223384
0.02354
0.023741
0.023897
0.024116
0.024272
0.0244641
0.324611
0.174857
0.0250942
0.225331
0.0257723
0.276075
0.0274224
0.227569
0.279004
0.229325
0.230213
0.230615
0.0317637
0.232139
0.232766
0.233159
0.234839
0.285259
0.186957
0.237278
0.238103
0.238559
0.238943
0.239336
0.240143
0.192039
0.242441
0.242846
0.243038
0.243432
0.243933
0.244335
0.0953397
0.245724
0.246333
0.247014
0.247704
0.248118
0.24855
0.09876
0.248925
0.299336
0.249756
0.258413
0.209055
0.209505
0.26123
0.111245
0.262431
0.262713
0.262995
0.263535
0.214343
0.264745
0.265433
0.215616
0.265835
0.216099
0.216327
0.26696
0.218277
0.218643
0.222048
0.224609
0.225488
0.225935
0.226541
0.226805
0.22706
0.227225
0.227654
0.229046
0.229691
0.230669
0.231143
0.232284
0.23346
0.233862
0.234642
0.235602
0.236022
0.236865
0.237285
0.237726
0.238074
0.238347
0.238557
0.238878
0.239484
0.239739
0.189949
0.240387
0.2415
0.244917
0.19531
0.195712
0.24615
0.297245
0.110475
0.264252
0.314447
0.265405
0.215538
0.265552
0.265747
0.215948
0.116447
0.0171703
0.0176034
0.0181344
0.218416
0.0195876
0.0215348
0.221955
0.0224869
0.172889
0.023384
0.024491
0.124887
0.224902
0.22507
0.0252531
0.225637
0.125874
0.0261952
0.226432
0.226597
0.226945
0.177155
0.227347
0.228467
0.229832
0.230171
0.231887
0.23363
0.234167
0.23456
0.238895
0.240188
0.240707
0.241118
0.241484
0.243668
0.0939801
0.245264
0.0972142
0.24758
0.248342
0.248744
0.249389
0.260045
0.110594
0.211147
0.261705
0.211933
0.11224
0.262254
0.262792
0.218069
0.268615
0.219017
0.221192
0.221648
0.222815
0.22364
0.224282
0.27451
0.174774
0.228728
0.27913
0.230243
0.230879
0.231938
0.233141
0.286471
0.236699
0.237524
0.238412
0.240524
0.1909
0.241842
0.242649
0.293717
0.248268
0.311285
0.111687
0.215229
0.265509
0.11618
0.166327
0.269449
0.219801
0.27193
0.274734
0.22498
0.275163
0.175497
0.275511
0.275683
0.225697
0.276851
0.326866
0.127255
0.27727
0.0280427
0.228361
0.328376
0.278562
0.228905
0.328919
0.329159
0.0297019
0.0298939
0.0302959
0.280701
0.280965
0.0313881
0.0316161
0.231889
0.0321712
0.0329002
0.233305
0.283461
0.0338673
0.234665
0.0349384
0.235139
0.235394
0.235677
0.235917
0.286091
0.236247
0.236511
0.236739
0.236967
0.237177
0.23736
0.287606
0.237789
0.338044
0.238387
0.288401
0.238587
0.240799
0.291564
0.29193
0.242158
0.242413
0.242821
0.293004
0.193224
0.193416
0.344045
0.244282
0.245094
0.745354
0.645357
0.545367
0.296066
0.546632
0.446635
0.346645
0.846853
0.946867
0.247191
0.09771
0.298058
0.0995581
0.258795
0.109101
0.259795
0.210099
0.310733
0.211273
0.211429
0.262613
0.162787
0.213664
0.264179
0.315248
0.315795
0.265809
0.266124
0.266481
0.216646
0.217184
0.217413
0.220227
0.270647
0.27107
0.221316
0.221682
0.221946
0.172294
0.273692
0.276155
0.226764
0.127121
0.277514
0.228716
0.229379
0.179748
0.229958
0.230531
0.231284
0.232604
0.234113
0.234488
0.236933
0.237299
0.23762
0.238482
0.139478
0.239844
0.240579
0.0910167
0.241401
0.242568
0.242934
0.244479
0.247455
0.24801
0.199222
0.0995971
0.215702
0.21587
0.166404
0.216579
0.269073
0.269713
0.120136
0.270283
0.270484
0.220721
0.220986
0.0213516
0.272156
0.0227797
0.0231818
0.0233378
0.0237128
0.0239678
0.0241328
0.0243248
0.0250329
0.0251979
0.225354
0.22551
0.025921
0.126077
0.22626
0.0266801
0.226863
0.227028
0.277403
0.227787
0.0280422
0.228381
0.228618
0.228846
0.229671
0.230208
0.231744
0.283253
0.233908
0.0847865
0.335468
0.286473
0.287595
0.0889057
0.239722
0.24115
0.242938
0.243772
0.244165
0.244819
0.195536
0.196217
0.246619
0.34694
0.248152
0.248563
0.2615
0.111782
0.212944
0.213421
0.213563
0.263577
0.213745
0.213937
0.264348
0.214594
0.164915
0.265071
0.265291
0.165789
0.266017
0.216218
0.216365
0.21746
0.0178349
0.220754
0.221471
0.272953
0.223376
0.223778
0.224189
0.224691
0.225141
0.225288
0.275888
0.226263
0.276611
0.327382
0.227758
0.228169
0.229039
0.229441
0.229843
0.230443
0.231093
0.231375
0.23154
0.182131
0.234603
0.235005
0.236325
0.236682
0.237156
0.288134
0.289571
0.241665
0.293003
0.194935
0.245868
0.246226
0.247339
0.29784
0.198593
0.248905
0.211652
0.164693
0.266995
0.217009
0.117333
0.267753
0.118066
0.118213
0.318574
0.218588
0.268894
0.319566
0.219581
0.269825
0.219839
0.121764
0.322121
0.0224033
0.0225773
0.0227333
0.272979
0.173358
0.0233724
0.0235494
0.0237055
0.0238885
0.0241615
0.0243445
0.224564
0.224747
0.0253226
0.0255686
0.225779
0.0259977
0.0261717
0.0266007
0.22712
0.227432
0.228386
0.228551
0.228824
0.128989
0.23021
0.232124
0.232688
0.233729
0.134374
0.236963
0.237365
0.23846
0.238934
0.189534
0.340827
0.242336
0.242768
0.242951
0.243318
0.0937376
0.244698
0.245217
0.195601
0.246741
0.2496
0.24993
0.258656
0.259545
0.261028
0.261331
0.262639
0.262795
0.262978
0.113317
0.213545
0.213893
0.21404
0.214827
0.2151
0.265266
0.215521
0.266106
0.166607
0.217108
0.217954
0.218137
0.21853
0.218758
0.219253
0.219976
0.221023
0.221371
0.171836
0.222238
0.0226494
0.223069
0.2242
0.274891
0.225446
0.225803
0.226322
0.227123
0.227279
0.227672
0.227819
0.278545
0.229085
0.229406
0.229793
0.229952
0.279967
0.230525
0.233588
0.235142
0.235553
1.2859
0.236258
0.237065
0.237692
0.240614
0.194823
0.195198
0.0972655
0.0978386
0.0993747
0.112012
0.0184185
0.0189627
0.0201978
0.0205638
0.171167
0.221717
0.221864
0.272092
0.272248
0.222979
0.273399
0.273618
0.0238103
0.0248363
0.0250643
0.22526
0.0254424
0.225874
0.0260215
0.0261685
0.226432
0.226688
0.0269335
0.227321
0.0276446
0.227909
0.228101
0.228503
0.0287578
0.229079
0.229307
0.229481
0.229727
0.230129
0.230531
0.230723
0.230996
0.53117
0.232517
0.0328564
0.133021
0.233883
0.234213
0.234867
0.23544
0.285914
0.236307
0.236871
0.237246
0.238584
0.239931
0.240558
0.241815
0.242163
0.193024
0.243696
0.194215
0.244617
0.19699
0.198049
0.198388
0.199816
0.250322
0.106782
0.207241
0.107878
0.25864
0.209085
0.210125
0.211225
0.212368
0.162383
0.112872
0.263193
0.213967
0.264325
0.314481
0.264931
0.215096
0.265621
0.216884
0.218815
0.271759
0.222161
0.223784
0.223967
0.224204
0.225218
0.225629
0.125986
0.226703
0.227042
0.228236
0.229376
0.231371
0.231773
0.232328
0.232829
0.233474
0.234362
0.23723
0.237659
0.238619
0.23966
0.240152
0.242129
0.243215
0.245453
0.248834
0.249227
0.166458
0.166591
0.26716
0.267428
0.117442
0.1177
0.117874
0.268235
0.218787
0.269849
0.0202645
0.0208576
0.221005
0.121224
0.0214247
0.0223218
0.0225048
0.0231739
0.0233839
0.023558
0.02375
0.024089
0.024557
0.227098
0.0283222
0.0288893
0.229597
0.229945
0.231175
0.231595
0.233141
0.233543
0.234278
0.234617
0.236333
0.237077
0.237632
0.242048
0.24267
0.243111
0.193468
0.243669
0.243999
0.245931
0.246252
0.296726
0.247104
0.247386
0.247788
0.248145
0.24924
0.25046
0.259891
0.260571
0.260991
0.111907
0.211922
0.26209
0.262264
0.162594
0.114287
0.21469
0.2649
0.215119
0.115365
0.265566
0.265786
0.265942
0.216344
0.166491
0.267103
0.269524
0.219971
0.270328
0.125578
0.225926
0.227993
0.279115
0.22985
0.0317283
0.232094
0.232589
0.232781
0.284273
0.285755
0.286124
0.236526
0.236799
0.238235
0.238757
0.239142
0.239562
0.24108
0.242733
0.243108
0.24351
0.243903
0.244362
0.244782
0.244956
0.245229
0.147054
0.247573
0.247912
0.248467
0.149706
0.163191
0.264605
0.215169
0.168322
0.268523
0.269555
0.11957
0.269966
0.270492
0.220506
0.270723
0.271061
0.121235
0.27174
0.271932
0.272106
0.272454
0.122718
0.323342
0.273693
0.223913
0.0247576
0.0252846
0.0254677
0.0256417
0.226234
0.276444
0.0266988
0.0268548
0.0270468
0.22744
0.0275868
0.228007
0.0283999
0.0286189
0.128901
0.029066
0.029231
0.229468
0.229642
0.229924
0.0314933
0.232666
0.235057
0.236611
0.237067
0.187595
0.237926
0.238304
0.238514
0.239231
0.239981
0.240599
0.240992
0.241367
0.245144
0.245708
0.246104
0.246515
0.096707
0.246863
0.197196
0.197397
0.148087
0.198633
0.249008
0.259773
0.110777
0.211098
0.26141
0.261919
0.262763
0.262919
0.163735
0.264132
0.264447
0.115127
0.215142
0.265391
0.265673
0.265976
0.116204
0.216588
0.266744
0.267164
0.267551
0.267929
0.218076
0.21846
0.219837
0.221103
0.271496
0.271988
0.222408
0.223122
0.224721
0.22696
0.227371
0.281895
0.23227
0.232645
0.233047
0.234349
0.234922
0.236782
0.238219
0.189269
0.039782
0.239965
0.24068
0.241676
0.24305
0.24347
0.243917
0.244679
0.245279
0.245942
0.246542
0.0977364
0.248885
0.249305
0.249896
0.258844
0.11179
0.262687
0.263232
0.263718
0.164895
0.166347
0.219356
0.269566
0.0200588
0.0209559
0.0211389
0.0215079
0.221682
0.222777
0.0230083
0.0234613
0.0238273
0.123974
0.174121
0.274313
0.0245055
0.0248655
0.0250395
0.0256365
0.225901
0.226174
0.226357
0.226513
0.226732
0.0268968
0.227134
0.227416
0.227563
0.227737
0.228443
0.22859
0.228863
0.229865
0.230249
0.230885
0.0319733
0.233316
0.23349
0.234052
0.13443
0.234703
0.234922
0.236035
0.236968
0.237355
0.237637
0.237994
0.238342
0.238708
0.239638
0.242585
0.242969
0.243134
0.0937612
0.244253
0.244763
0.24809
0.249563
0.249974
0.161844
0.212004
0.262019
0.163269
0.113425
0.213942
0.214231
0.264245
0.264723
0.215341
0.218761
0.21946
0.219826
0.220219
0.220982
0.121174
0.221366
0.222492
0.222747
0.223149
0.273569
0.224511
0.225183
0.125495
0.226779
0.22719
0.227547
0.228399
0.22881
0.229368
0.229779
0.229944
0.231129
0.231666
0.234183
0.235197
0.235582
0.236713
0.23788
0.241801
0.093125
0.295417
0.246791
0.198597
0.249242
0.117487
0.269154
0.119652
0.219667
0.270394
0.220395
0.120408
0.271027
0.221041
0.221281
0.271815
0.272314
0.272731
0.273711
0.224143
0.224344
0.0248607
0.0255478
0.0256948
0.225932
0.0261149
0.0267629
0.0269549
0.0271469
0.227294
0.227504
0.227705
0.227969
0.0281881
0.228389
0.0286532
0.228845
0.0289922
0.0291663
0.230223
0.130583
0.0307964
0.232042
0.232261
0.232918
0.283128
0.0333197
0.233476
0.233641
0.23386
0.234262
0.234601
0.234985
0.235369
0.235753
0.235972
0.236512
0.236758
0.238528
0.0888014
0.239074
0.239467
0.240752
0.241865
0.242258
0.244475
0.195228
0.245594
0.0961218
0.197712
0.248897
0.249767
0.259644
0.209658
0.259862
0.110178
0.211354
0.261996
0.262197
0.263401
0.263847
0.214102
0.214294
0.214459
0.214789
0.215741
0.216296
0.216635
0.218915
0.220332
0.221859
0.222495
0.224031
0.224451
0.224808
0.225363
0.175711
0.226131
0.226533
0.327475
0.23055
0.232302
0.232863
0.233145
0.233694
0.233976
0.234132
0.234723
0.0875734
0.239424
0.239844
0.2403
0.241666
0.243004
0.243946
0.246857
0.099041
0.250019
0.0158769
0.268183
0.218197
0.268676
0.169348
0.269717
0.269957
0.27014
0.220336
0.170764
0.270992
0.221731
0.121896
0.222106
0.122472
0.222816
0.272829
0.273024
0.0236853
0.224051
0.224483
0.224657
0.0250325
0.0252065
0.0254255
0.0256805
0.0260916
0.0263106
0.226539
0.226932
0.0274837
0.0282458
0.228483
0.0289778
0.229161
0.229527
0.0298869
0.230115
0.0303069
0.230463
0.230637
0.23103
0.231285
0.231495
0.231732
0.234924
0.235326
0.235809
0.237336
0.2379
0.188501
0.239561
0.239726
0.239918
0.192615
0.243008
0.0938419
0.0961879
0.247391
0.247865
0.198168
0.148939
0.105016
0.261409
0.262334
0.262655
0.112856
0.26339
0.263537
0.163756
0.264131
0.214483
0.215015
0.265198
0.265417
0.265573
0.266302
0.266494
0.216641
0.26686
0.217016
0.22037
0.271597
0.223538
0.224354
0.225701
0.227075
0.227624
0.228044
0.278326
0.228683
0.179914
0.231333
0.231753
0.234504
0.235131
0.235662
0.236019
0.236247
0.236667
0.23868
0.239046
0.239655
0.240039
0.240417
0.240573
0.241272
0.241677
0.0918423
0.24219
0.245625
0.24767
0.0983691
0.248744
0.249596
0.26676
0.167309
0.217688
0.167689
0.268089
0.268753
0.218927
0.269164
0.26932
0.121152
0.221527
0.121701
0.272187
0.222406
0.0225534
0.273042
0.0232195
0.273754
0.174284
0.0246378
0.0251118
0.175286
0.275634
0.0262999
0.0264559
0.026702
0.026957
0.027563
0.227728
0.227947
0.0281031
0.228442
0.228598
0.0292943
0.229477
0.0296513
0.229888
0.230044
0.230374
0.0305754
0.230758
0.231161
0.231509
0.232223
0.232913
0.233897
0.234236
0.236267
0.236696
0.238655
0.239282
0.239666
0.240077
0.24398
0.244373
0.244712
0.0951053
0.245462
0.245876
0.246104
0.0965815
0.246864
0.198103
0.248982
0.149618
0.251437
0.262149
0.26256
0.262833
0.263055
0.21307
0.263488
0.163653
0.214073
0.216093
0.216648
0.267041
0.167524
0.219841
0.220162
0.170753
0.221947
0.222529
0.223426
0.227563
0.228133
0.228526
0.22885
0.229273
0.229438
0.279621
0.279768
0.279942
0.230893
0.231286
0.231679
0.234394
0.235444
0.23581
0.136221
0.239396
0.240347
0.241055
0.191394
0.241823
0.242369
0.193572
0.244658
0.246464
0.246911
0.247451
0.298208
0.0983642
0.248748
0.249051
0.24957
0.120077
0.12059
0.170822
0.221221
0.271422
0.221645
0.272055
0.222256
0.122448
0.222626
0.273
0.274288
0.274618
0.274777
0.0252897
0.0256778
0.0262568
0.0264488
0.226668
0.0271149
0.0273429
0.0276819
0.027829
0.028021
0.028213
0.028441
0.028597
0.128762
0.0289361
0.229368
1.73874
1.63874
1.53875
0.238919
0.23933
0.23975
0.240164
0.240357
0.240831
0.141143
0.242435
1.4428
1.3428
1.24281
0.243077
0.243416
0.244709
0.247271
0.097718
0.248498
0.2489
0.249599
0.259371
0.26017
0.110719
0.2616
0.262014
0.26218
0.262961
0.263264
0.263759
0.264161
0.264611
0.164875
0.315242
0.265461
0.265698
0.215872
0.216109
0.266256
0.217132
0.168825
0.220154
0.270574
0.272047
0.172593
0.273607
0.224153
0.226193
0.226559
0.277672
0.27802
0.278845
0.229247
0.230477
0.232751
0.234782
0.235292
0.235859
0.236051
0.23648
0.237041
0.237287
0.237516
0.2388
0.240615
0.29108
0.341476
0.241758
0.242235
0.242601
0.242757
0.243417
0.243783
0.243975
0.244368
0.244614
0.245016
0.2454
0.246018
0.246438
0.246831
0.247362
0.247599
0.249946
0.255814
0.21551
0.167516
0.220136
0.170547
0.270877
0.271087
0.271234
0.121444
0.221747
0.0219753
0.272443
0.272707
0.223319
0.0235925
0.323821
0.124031
0.274313
0.0245137
0.224733
0.224955
0.0255128
0.0260679
0.0263139
0.0266439
0.276863
0.227091
0.027238
0.027412
0.127787
0.0286031
0.0288041
0.0294582
0.229677
0.0298513
0.0302203
0.230577
0.130733
0.230934
0.231126
0.0315014
0.231747
0.23193
0.232213
0.232369
0.283365
0.233758
0.23452
0.235048
0.236368
0.23677
0.237433
0.238006
0.138399
0.239917
0.240391
0.241117
0.241537
0.242398
0.243484
0.243958
0.244576
0.0950084
0.2452
0.245575
0.0992176
0.249782
0.250215
0.259014
0.259884
0.110545
0.210692
0.26167
0.212595
0.262769
0.263447
0.263768
0.213933
0.215219
0.266431
0.268639
0.219381
0.219927
0.224523
0.228147
0.228882
0.229959
0.230325
0.230637
0.233883
0.234726
0.235065
0.23571
0.236643
0.237225
0.237672
0.238614
0.239538
0.240624
0.0911884
0.241779
0.242154
0.242593
0.193634
0.244036
0.244393
0.244795
0.245152
0.245932
0.246568
0.247051
0.247885
0.0189537
0.269934
0.270255
0.120621
0.12079
0.271119
0.0214132
0.0217792
0.171926
0.272494
0.0233556
0.0237067
0.0241297
0.0248988
0.225082
0.0254838
0.0257119
0.0259309
0.0261229
0.0264049
0.0266419
0.0268429
0.0271999
0.227347
0.227602
0.228859
0.179225
0.230572
0.231811
0.232528
0.234469
0.235168
0.235405
0.23581
0.23602
0.236194
0.186341
0.236991
0.23767
0.238102
0.238339
0.23854
0.238777
0.0897817
0.240382
0.240712
0.242743
0.193253
0.245167
0.246145
0.246691
0.0973091
0.247819
0.248239
0.198794
0.24916
0.299526
0.249919
0.25988
0.111656
0.111839
0.162379
0.263144
0.163363
0.213645
0.213975
0.214351
0.218002
0.219466
0.221542
0.222016
0.272913
0.224989
0.226048
0.227629
0.228373
0.229621
0.230356
0.180731
0.231118
0.231484
0.231703
0.232225
0.232391
0.232739
0.233153
0.233564
0.23396
0.234161
0.234353
0.23498
0.235355
0.236126
0.23804
0.238514
0.2396
0.240128
0.242519
0.194217
0.247004
0.0999442
0.26617
0.218127
0.268508
0.019078
0.119828
0.220011
0.270207
0.27071
0.271106
0.271655
0.121865
0.272008
0.222022
0.172676
0.123033
0.273465
0.0242599
0.025651
0.0263111
0.0264671
0.0266501
0.0268602
0.227401
0.277548
0.227869
0.0281424
0.228352
0.0285174
0.22882
0.228985
0.0291865
0.229433
0.22958
0.0297986
0.230036
0.0304017
0.0306207
0.231213
0.231597
0.0318069
0.231981
0.232236
0.232509
0.0326831
0.23331
0.234198
0.2346
0.235245
0.235656
0.236058
0.236469
0.237132
0.238056
0.238404
0.238968
0.239353
0.24133
0.242215
0.242869
0.243478
0.245851
0.196253
0.247636
0.148038
0.248368
0.249139
0.0999011
0.157885
0.113406
0.263553
0.263808
0.214
0.264364
0.214378
0.215204
0.215396
0.215606
0.115762
0.216102
0.266303
0.26646
0.216835
0.417241
0.217637
0.168354
0.219176
0.220806
0.222162
0.2226
0.273119
0.225312
0.226218
0.228078
0.228885
0.229344
0.179581
0.230133
0.230307
0.230872
0.231256
0.231928
0.182334
0.232508
0.232709
0.283192
0.234311
0.235154
0.186276
0.236708
0.236945
0.0902629
0.241322
0.241697
0.243359
0.193872
0.244037
0.0944303
0.244832
0.145144
0.245465
0.24602
0.1968
0.198679
0.249792
0.260284
0.167925
0.26935
0.270145
0.170547
0.220931
0.321096
0.271261
0.121667
0.223387
0.273402
0.0237436
0.274146
0.0244007
0.0246197
0.0251417
0.0254147
0.225697
0.0268529
0.0271829
0.0275579
0.0279779
0.228233
0.228545
0.028923
0.029106
0.229271
0.0296041
0.230442
0.280611
0.230625
0.0308381
0.0309851
0.231204
0.0313692
0.231552
0.231909
0.232626
0.233046
0.233247
0.233394
0.233551
0.233947
0.234103
0.184424
0.234607
0.234871
0.235099
0.235246
0.23542
0.235675
0.235894
0.236689
0.237055
0.237826
0.238183
0.189188
0.239608
0.240379
0.293994
0.194405
0.194754
0.0951556
0.247524
0.0982037
0.248396
0.248552
0.259232
0.109246
0.159873
0.210167
0.212554
0.21271
0.263244
0.213802
0.213985
0.264573
0.264801
0.216175
0.2177
0.218912
0.219353
0.219617
0.220037
0.220385
0.220733
0.221297
0.223715
0.226214
0.22658
0.226949
0.227264
0.227474
0.227849
0.228086
0.228452
0.228809
0.229166
0.229514
0.23087
0.233585
0.234626
0.236694
0.240453
0.191332
0.191725
0.195394
0.54729
0.248394
0.257783
0.108107
0.259918
0.162324
0.16273
0.0171115
0.168121
0.0194647
0.0203408
0.021875
0.022286
0.222697
0.273861
0.223875
0.124593
0.274608
0.225004
0.0252046
0.225487
0.125679
0.125925
0.226501
0.0267018
0.277324
0.0275608
0.227744
0.128074
0.228849
0.229113
0.229506
0.0299331
0.230344
0.0306562
0.0308662
0.0310312
0.0311782
0.231352
0.0315443
0.231745
0.232093
0.232468
0.232624
0.0332664
0.233596
0.233816
0.233981
0.234374
0.234521
0.234749
0.284959
0.235151
0.236012
0.236414
0.187839
0.188196
0.288967
0.239468
0.23978
0.241388
0.241817
0.192327
0.243251
0.196056
0.247916
0.248309
0.0986035
0.248979
0.206906
0.259174
0.260036
0.26085
0.263275
0.213539
0.263695
0.264148
0.614412
0.264676
0.315225
0.215408
0.115555
0.215894
0.616633
0.167365
0.217758
0.218187
0.219174
0.220036
0.221704
0.222484
0.173034
0.223358
0.223514
0.223688
0.224018
0.224825
0.22523
0.225632
0.275806
0.626467
0.226731
0.576941
0.127088
0.227235
0.23067
0.231351
0.281807
0.282149
0.232305
0.232726
0.233131
0.233287
0.58413
0.23644
0.236914
0.237784
0.23842
0.23947
0.241321
0.242722
0.293133
0.243472
0.243847
0.244393
0.198998
0.0128177
0.163449
0.2148
0.115467
0.269573
0.120178
0.270998
0.121012
0.121207
0.221372
0.221591
0.222452
0.122866
0.273251
0.0233982
0.0235452
0.0239122
0.0248823
0.0251644
0.0254104
0.225602
0.225812
0.676022
0.0263975
0.67659
0.0267995
0.626956
0.0272106
0.677514
0.0277597
0.0280237
0.228243
0.030059
0.230839
0.231178
0.0329412
0.233088
0.233475
0.233748
0.185713
0.236133
0.336683
0.236893
0.237412
0.238165
0.188558
0.238978
0.239353
0.239755
0.240103
0.190481
0.240628
0.291087
0.241261
0.191435
0.24289
0.0437503
0.244125
0.244326
0.244728
0.195094
0.295634
0.245907
0.246109
0.247006
0.198803
0.199403
0.262783
0.114542
0.264903
0.214917
0.265236
0.21525
0.215418
0.265551
0.115565
0.115728
0.265742
0.266166
0.116412
0.216553
0.666568
0.266754
0.266949
0.216964
0.267123
0.267819
0.268015
0.668029
0.218206
0.218627
0.668966
0.269387
0.219753
0.220074
0.220284
0.221118
0.671265
0.17164
0.222015
0.222225
0.222417
0.22399
0.225193
0.225604
0.227713
0.228133
0.228565
0.22897
0.229225
0.22948
0.279636
0.230056
0.230917
0.231499
0.231901
0.232384
0.232705
0.233125
0.236335
0.237241
0.238489
0.188991
0.23942
0.240803
0.291142
0.247295
0.247863
0.198274
0.149072
0.699429
0.249831
0.265184
0.0164443
0.718833
0.119313
0.219328
0.169892
0.17028
0.220281
0.720661
0.0211359
0.021337
0.021502
0.021979
0.0223631
0.0226271
0.0230131
0.0235562
0.0237392
0.223886
0.12448
0.124636
0.225005
0.0251794
0.225509
0.0266555
0.72692
0.227121
0.22734
0.227487
0.0277057
0.228129
0.228312
0.0293369
0.229901
0.0316861
0.232079
0.182457
0.732649
0.732961
0.233408
0.235736
0.23612
0.236585
0.237008
0.187173
0.237926
0.188281
0.238296
0.238845
0.239202
0.239595
0.241329
0.241851
0.192025
0.242412
0.242568
0.242841
0.242988
0.24318
0.243789
0.14618
0.249615
0.0999932
0.261243
0.262355
0.263312
0.213326
0.113512
0.263686
0.26386
0.214034
0.264181
0.214346
0.264511
0.264739
0.26566
0.216057
0.166267
0.26654
0.267128
0.21754
0.217768
0.218473
0.220138
0.22312
0.225178
0.276201
0.226504
0.226951
0.227353
0.231472
0.232009
0.232567
0.232813
0.23542
0.236227
0.236647
0.237535
0.237919
0.238537
0.239272
0.240815
0.0909896
0.241377
0.0915326
0.241752
0.145124
0.245706
0.0966478
0.24705
0.247461
0.24843
0.24885
0.24927
0.217239
0.117431
0.167734
0.218219
0.268771
0.01927
0.12039
0.221474
0.121729
0.222272
0.172812
0.273682
0.223697
0.224162
0.0248727
0.0250467
0.276601
0.0268021
0.0269491
0.0271501
0.227432
0.228122
0.0284792
0.0287612
0.0289082
0.229211
0.229439
0.0296223
0.0297963
0.230042
0.0303154
0.0305164
0.0307895
0.0310355
0.231384
0.231759
0.232071
0.232263
0.233053
0.233431
0.233842
0.234043
0.234985
0.235222
0.285615
0.235816
0.236026
0.0362452
0.236803
0.237067
0.237313
0.238615
0.289305
0.240499
0.240847
0.241205
0.242021
0.242756
0.243635
0.244388
0.246545
0.0986658
0.149131
0.200757
0.211338
0.111964
0.211978
0.262494
0.113391
0.263628
0.263847
0.11412
0.264267
0.264561
0.164744
0.265278
0.265434
0.266175
0.11655
0.26905
0.219296
0.219815
0.270937
0.222446
0.272929
0.175338
0.225686
0.226079
0.22757
0.227945
0.228329
0.228686
0.22907
0.229436
0.230099
0.2306
0.232424
0.232809
0.233175
0.233694
0.234081
0.234246
0.234669
0.234834
0.235107
0.235362
0.235746
0.236001
0.236512
0.236731
0.237249
0.237513
0.187709
0.237723
0.238119
0.238356
0.24117
0.241554
0.195475
0.0962914
0.197872
0.0983374
0.264263
0.115332
0.265725
0.166575
0.167292
0.167992
0.268242
0.168792
0.224053
0.174281
0.274473
0.274629
0.224785
0.274977
0.125361
0.226376
0.0266134
0.0268954
0.227105
0.0273605
0.0275705
0.227825
0.0280175
0.228291
0.27851
0.228912
0.0291306
0.0293046
0.229455
0.229875
0.230112
0.0302587
0.0305317
0.0310727
0.0314867
0.231889
0.0321708
0.0323268
0.232564
0.232774
0.0330019
0.0331669
0.233359
0.233569
0.283824
0.384034
0.234652
0.237007
0.237484
0.237649
0.238564
0.240289
0.242095
0.242813
0.243332
0.24371
0.243866
0.244379
0.244643
0.245567
0.246437
0.09755
0.202271
0.257109
0.207975
0.108131
0.212359
0.263155
0.263552
0.213945
0.164137
0.21432
0.215174
0.165339
0.215621
0.265777
0.266041
0.26626
0.266542
0.216743
0.223115
0.224246
0.276286
0.226697
0.278143
0.228743
0.230027
0.230861
0.131263
0.231665
0.232067
0.232415
0.233276
0.234092
0.23454
0.236112
0.238737
0.240228
0.240756
0.241914
0.19381
0.245616
0.198961
0.2493
0.199669
0.099825
0.168324
0.218325
0.269041
0.269397
0.270689
0.272977
0.222991
0.124174
0.124438
0.224657
0.125023
0.125254
0.225258
0.275269
0.275554
0.275843
0.225857
0.276038
0.226052
0.226256
0.276598
0.276799
0.227147
0.277499
0.227819
0.228002
0.228203
0.0289083
0.0291183
0.0294393
0.0298333
0.0301933
0.280421
0.0306854
0.0309584
0.0312044
0.0314234
0.0316424
0.0320355
0.2322
0.232375
0.0326206
0.0328396
0.232987
0.233188
0.0334517
0.0336618
0.233836
0.234211
0.234475
0.28464
0.234913
0.236035
0.238453
0.24034
0.240724
0.241726
0.242065
0.0930072
0.0937333
0.244126
0.0945374
0.194912
0.195342
0.19668
0.248018
0.209472
0.211683
0.111698
0.112025
0.212667
0.163037
0.263377
0.264214
0.164571
0.264736
0.215039
0.165609
0.165801
0.216074
0.26623
0.219288
0.220029
0.220398
0.270546
0.271191
0.222961
0.22429
0.274953
0.225328
0.27573
0.226609
0.227695
0.228412
0.228751
0.230818
0.231238
0.232908
0.233723
0.23387
0.234257
0.234422
0.234704
0.235115
0.235575
0.235941
0.236097
0.236325
0.23649
0.287486
0.237852
0.238236
0.289043
0.290849
0.141206
0.291959
0.242316
0.244122
0.294533
0.144926
0.245328
0.245928
0.146492
0.198883
0.249447
0.0187532
0.0197403
0.0199683
0.0205894
0.0220155
0.0222255
0.0223816
0.0228116
0.0232046
0.0234146
0.0236066
0.0243816
0.0246186
0.0248826
0.0251107
0.175261
0.275276
0.225498
0.125747
0.225762
0.326002
0.226479
0.126626
0.126809
0.127223
0.277469
0.227799
0.228081
0.17842
0.228576
0.278972
0.229705
0.230108
0.230273
0.280456
0.230834
0.231098
0.231245
0.231473
0.231665
0.231866
0.232259
0.232433
0.232715
0.232988
0.283162
0.233372
0.233519
0.233675
0.23393
0.234242
0.235823
0.236882
0.237608
0.238001
0.239655
0.0900206
0.240453
0.240618
0.191209
0.243159
0.295613
0.298157
0.199081
0.105324
0.20997
0.259985
0.210216
0.260762
0.261588
0.262279
0.26269
0.213177
0.213552
0.214509
0.215222
0.215579
0.217325
0.168591
0.220073
0.221537
0.122371
0.222782
0.223337
0.17419
0.224364
0.224547
0.22503
0.225405
0.225744
0.27638
0.176782
0.228057
0.228414
0.22896
0.230074
0.231448
0.232093
0.232441
0.282807
0.233209
0.234808
0.235228
0.235576
0.236077
0.242662
0.243067
0.243259
0.246037
0.148032
0.248551
0.250006
0.117234
0.0178926
0.0182677
0.0184327
0.269331
0.26967
0.119925
0.0202551
0.0204921
0.0212362
0.0218692
0.0220522
0.172763
0.323616
0.0238985
0.0241445
0.0243815
0.224769
0.0249156
0.0254067
0.0258608
0.0264008
0.226629
0.127607
0.228902
0.229889
0.230255
0.230594
0.231059
0.232604
0.233312
0.234299
0.236159
0.236525
0.237782
0.23912
0.189513
0.189933
0.240713
0.241116
0.291518
0.241938
0.0925826
0.243552
0.194926
0.245304
0.345541
0.246375
0.247119
0.249591
0.249984
0.160534
0.261096
0.26127
0.26196
0.262633
0.263607
0.164096
0.264252
0.264749
0.265091
0.215106
0.21543
0.265604
0.265745
0.21576
0.215937
0.266183
0.266357
0.216777
0.117089
0.218031
0.218388
0.218781
0.21921
0.223104
0.223506
0.224718
0.276668
0.27824
0.228957
0.229377
0.230823
0.231199
0.233023
0.233416
0.284196
0.235192
0.23815
0.28857
0.2889
0.239338
0.23983
0.24025
0.240634
0.292215
0.29466
0.245062
0.245716
0.246127
0.246781
0.247201
0.247612
0.263086
0.217468
0.218288
0.268741
0.118756
0.219603
0.271587
0.272171
0.322318
0.272474
0.272849
0.173173
0.223396
0.32341
0.273704
0.174419
0.275425
0.12544
0.226064
0.0273539
0.0279949
0.028736
0.028928
0.229303
0.0295041
0.0297591
0.229915
0.280098
0.280252
0.230266
0.0307442
0.281805
0.232135
0.232574
0.0328475
0.0331205
0.233462
0.0339955
0.0341606
0.0345626
0.23486
0.23519
0.285577
0.235592
0.0359788
0.236354
0.0365008
0.236921
0.237149
0.237332
0.23756
0.237833
0.237998
0.238782
0.238947
0.239349
0.239514
0.23988
0.240054
0.240228
0.0403753
0.240771
0.240954
0.241119
0.241293
0.241459
0.241615
0.191861
0.242284
0.24265
0.24307
0.243454
0.243874
0.194093
0.244276
0.0951189
0.245548
0.247426
0.248674
0.21188
0.111895
0.112544
0.262718
0.262892
0.21324
0.214774
0.216697
0.217342
0.217726
0.219523
0.27024
0.221201
0.221612
0.222131
0.224018
0.225599
0.228863
0.22934
0.229613
0.0302758
0.230678
0.23211
0.232485
0.234039
0.234549
0.235581
0.235974
0.236358
0.236904
0.238332
0.240201
0.243402
0.194389
0.244773
0.246391
0.246847
0.247969
0.248488
0.214015
0.117258
0.267802
0.118677
0.119166
0.219181
0.269616
0.269811
0.220144
0.271179
0.271581
0.221978
0.27253
0.0234372
0.0240313
0.174607
0.0250194
0.0252744
0.0255204
0.225703
0.225977
0.0261866
0.0263966
0.276793
0.226808
0.0272126
0.127615
0.278035
0.278317
0.0288368
0.17902
0.0297098
0.0299289
0.0301299
0.0303849
0.230649
0.230859
0.031408
0.23169
0.231927
0.232338
0.0327762
0.233169
0.233847
0.234075
0.0844681
0.234714
0.235056
0.18532
0.235641
0.236493
0.236895
0.137426
0.0876364
0.237939
0.238954
0.239329
0.239962
0.240136
0.24031
0.140457
0.240823
0.0913328
0.24169
0.24211
0.242764
0.243265
0.193667
0.244645
0.24505
0.24526
0.247021
0.0976393
0.198158
0.248569
0.248953
0.299787
0.258183
0.261563
0.262044
0.262263
0.262779
0.213025
0.263298
0.163517
0.213859
0.214198
0.26473
0.214886
0.216062
0.218018
0.268441
0.268615
0.218981
0.269518
0.219902
0.023094
0.224396
0.224861
0.225263
0.22625
0.228524
0.228917
0.230246
0.230612
0.231014
0.232208
0.232551
0.232971
0.233274
0.233529
0.334957
0.235509
0.235911
0.236094
0.236286
0.236805
0.238233
0.238617
0.239847
0.244038
0.0963482
0.247893
0.116862
0.267041
0.268263
0.268437
0.168816
0.119038
0.269039
0.169052
0.26959
0.22
0.220165
0.120321
0.121778
0.171925
0.2226
0.024253
0.325371
0.0255811
0.0257731
0.0261391
0.0263851
0.0267871
0.227198
0.277435
0.377591
0.227738
0.0278854
0.0281494
0.228359
0.0285154
0.0289264
0.0292954
0.0295324
0.0297875
0.0300605
0.230334
0.230508
0.230727
0.281336
0.231537
0.131903
0.232185
0.232542
0.232752
0.232962
0.233593
0.233767
0.234576
0.234741
0.235005
0.235242
0.236235
0.236709
0.238074
0.238647
0.239202
0.240558
0.240933
0.241353
0.192304
0.294303
0.0451437
0.295381
0.245765
0.247301
0.197802
0.248213
0.0988669
0.099683
0.210442
0.260625
0.26157
0.211585
0.211975
0.263047
0.263413
0.213957
0.264167
0.264323
0.264515
0.264848
0.215259
0.265583
0.265793
0.216003
0.216307
0.216718
0.218437
0.219005
0.219488
0.270664
0.271984
0.225734
0.226145
0.228464
0.229005
0.229353
0.23115
0.231624
0.182503
0.18295
0.234046
0.235231
0.235552
0.235927
0.236644
0.241375
0.291795
0.242161
0.244453
0.195116
0.245536
0.247414
0.248176
0.148641
0.160536
0.265026
0.265315
0.365645
0.216002
0.266697
0.268778
0.119312
0.119513
0.219678
0.269897
0.270368
0.270707
0.0224917
0.0234438
0.0236448
0.0239748
0.0246238
0.0248788
0.225254
0.225455
0.025674
0.025839
0.026469
0.027039
0.0272221
0.0274411
0.0276421
0.128155
0.0285692
0.278761
0.2291
0.0293733
0.22952
0.229712
0.229976
0.230177
0.230543
0.230763
0.231
0.231165
0.231558
0.23196
0.233649
0.234024
0.284417
0.237726
0.238734
0.289154
0.239583
0.190813
0.191233
0.242508
0.24336
0.244158
0.244551
0.244971
0.195959
0.246241
0.0965235
0.246836
0.197688
0.299494
0.249824
0.1093
0.260076
0.210755
0.211085
0.261241
0.112647
0.264716
0.265055
0.265319
0.165592
0.265935
0.215949
0.266363
0.217648
0.218032
0.218443
0.268791
0.219661
0.222043
0.222445
0.224341
0.224752
0.225271
0.225601
0.226066
0.226999
0.227473
0.227803
0.228502
0.228913
0.279315
0.229708
0.230128
0.230944
0.231292
0.234404
0.286543
0.286936
0.237707
0.239387
0.23978
0.241307
0.241727
0.147196
0.250311
0.319
0.119383
0.319385
0.26997
0.22039
0.270555
0.120697
0.220698
0.270711
0.271234
0.221596
0.271609
0.323147
0.273891
0.223906
0.224137
0.124542
0.274557
0.22498
0.0251479
0.0253219
0.025715
0.276093
0.226108
0.22633
0.0265671
0.226831
0.0270231
0.0272601
0.0274792
0.0282482
0.0284582
0.228605
0.228815
0.0293493
0.279568
0.0297423
0.0300633
0.230264
0.0305284
0.0310534
0.0312274
0.231419
0.231612
0.231942
0.232197
0.232371
0.23259
0.232737
0.233178
0.233562
0.233964
0.13412
0.234468
0.235005
0.237207
0.287645
0.238785
0.239718
0.240195
0.240441
0.24125
0.241634
0.242477
0.24342
0.194299
0.244666
0.245968
0.24826
0.248689
0.252529
0.267498
0.217513
0.168078
0.268315
0.268627
0.268837
0.218984
0.21914
0.269317
0.219332
0.269608
0.219809
0.219974
0.220286
0.220634
0.270916
0.221198
0.221417
0.222161
0.222788
0.223586
0.223991
0.224237
0.224657
0.226193
0.276586
0.226926
0.227625
0.228093
0.228495
0.22875
0.230862
0.233478
0.23433
0.234732
0.23562
0.236031
0.237162
0.241101
0.244788
0.245172
0.247221
0.0984192
0.199115
0.0996713
0.250185
0.259713
0.113477
0.268286
0.268559
0.118706
0.268872
0.170673
0.271009
0.32121
0.0234912
0.274199
0.0244004
0.0246284
0.0249104
0.0251924
0.0255135
0.0257595
0.0259605
0.376126
0.226273
0.226492
0.276876
0.0270857
0.0273587
0.0275507
0.278247
0.0284658
0.0286218
0.279213
0.279423
0.0296689
0.230053
0.230419
0.230788
0.231061
0.231428
0.0320762
0.232322
0.233129
0.235133
0.235628
0.186006
0.236171
0.236492
0.236823
0.237042
0.187409
0.237592
0.238012
0.238378
0.23878
0.189191
0.239876
0.240344
0.2405
0.190884
0.243633
0.244483
0.244885
0.24505
0.245533
0.196169
0.246859
0.197261
0.247681
0.198866
0.199565
0.14994
0.262968
0.213187
0.213379
0.11385
0.21407
0.164352
0.264763
0.264973
0.115255
0.115447
0.265639
0.215795
0.316125
0.116299
0.266464
0.266848
0.217853
0.218336
0.220088
0.27049
0.271045
0.223742
0.225278
0.226616
0.227019
0.228357
0.22902
0.23016
0.280553
0.181738
0.232563
0.232911
0.234942
0.236199
0.236565
0.239694
0.240204
0.240681
0.290837
0.24102
0.291425
0.291689
0.241953
0.293912
0.244431
0.244968
0.245388
0.245745
0.246165
0.247935
0.0994715
0.299847
0.216901
0.268417
0.1189
0.269059
0.169074
0.269479
0.269725
0.269966
0.170193
0.270892
0.120907
0.17107
0.27169
0.272337
0.274426
0.025785
0.125959
0.0263341
0.0264811
0.0267181
0.0269732
0.0272462
0.0273932
0.277585
0.227732
0.0280053
0.0282693
0.278416
0.228764
0.0290284
0.0292114
0.0294394
0.0296224
0.0297874
0.230537
0.23072
0.230904
0.331078
0.231315
0.0330118
0.233306
0.233708
0.234128
0.236726
0.337371
0.238601
0.239642
0.240881
0.241292
0.241742
0.242135
0.242555
0.242729
0.243131
0.244073
0.244412
0.245734
0.246119
0.24716
0.249407
0.111881
0.261895
0.112054
0.262652
0.16288
0.263706
0.26404
0.264232
0.264406
0.264845
0.26681
0.268262
0.269654
0.220011
0.121556
0.272057
0.272462
0.272609
0.223983
0.174944
0.225526
0.231544
0.28461
0.185012
0.235369
0.286059
0.236371
0.237286
0.237958
0.239332
0.23977
0.242098
0.242689
0.244234
0.244825
0.245497
0.246148
0.246394
0.246658
0.247069
0.24749
0.247856
0.248231
0.0193273
0.26951
0.269666
0.270086
0.270324
0.27051
0.120511
0.270849
0.27105
0.221191
0.271206
0.121377
0.271392
0.271596
0.322094
0.272109
0.222628
0.122856
0.273079
0.223516
0.273855
0.224156
0.0246861
0.0248601
0.225879
0.275893
0.0261783
0.0263793
0.0267673
0.0269954
0.0274004
0.0276554
0.277937
0.328102
0.0286696
0.0289426
0.229153
0.0293266
0.0295906
0.229885
0.230122
0.0302687
0.230752
0.230998
0.281382
0.0317839
0.28215
0.332543
0.182699
0.23311
0.0843221
0.235084
0.285579
0.285807
0.187298
0.237709
0.238696
0.239269
0.240191
0.240456
0.240858
0.241323
0.242319
0.293099
0.243402
0.244281
0.0946649
0.245386
0.245827
0.2461
0.246529
0.246931
0.197483
0.247639
0.248304
0.248514
0.248916
0.24966
0.31088
0.261426
0.262288
0.212591
0.263477
0.214008
0.214246
0.21451
0.214732
0.264747
0.265041
0.215665
0.265839
0.166112
0.216304
0.216979
0.218775
0.219003
0.119276
0.219606
0.219972
0.270509
0.221001
0.221736
0.273695
0.225861
0.227325
0.227817
0.228202
0.22936
0.229774
0.229993
0.280359
0.280701
0.230866
0.28143
0.231904
0.234304
0.237316
0.23914
0.239524
0.243427
0.294162
0.245194
0.245596
0.0971863
0.247579
0.247954
0.249814
0.112523
0.263072
0.266233
0.167614
0.117622
0.268547
0.269622
0.169827
0.220199
0.270359
0.120811
0.270826
0.0214331
0.221697
0.0219791
0.0221891
0.0224351
0.0229122
0.0230682
0.0233713
0.0237373
0.0240013
0.174575
0.224589
0.225031
0.0254515
0.0258715
0.0260815
0.0264505
0.227225
0.227435
0.0275817
0.227774
0.228032
0.278047
0.228305
0.22856
0.228806
0.229353
0.229509
0.229665
0.0303971
0.235509
0.285911
0.236322
0.236604
0.237016
0.23785
0.238468
0.239473
0.240685
0.241141
0.191552
0.241909
0.24244
0.243035
0.24329
0.243854
0.194355
0.29473
0.245474
0.196362
0.246746
0.247166
0.298495
0.248909
0.0991195
0.258764
0.209067
0.312179
0.212649
0.213051
0.263435
0.113787
0.213801
0.214362
0.214599
0.264863
0.215082
0.26591
0.166084
0.216285
0.21654
0.266924
0.217281
0.217758
0.269411
0.220749
0.27206
0.223255
0.223819
0.27486
0.225568
0.226276
0.226867
0.22771
0.228079
0.278439
0.228721
0.228967
0.230233
0.280674
0.180821
0.231223
0.231868
0.282774
0.23314
0.235333
0.235735
0.186146
0.236476
0.237112
0.287478
0.288087
0.23849
0.238919
0.239987
0.290371
0.140917
0.241256
0.292765
0.243356
0.246125
0.196806
0.24791
0.098276
0.264441
0.264775
0.214789
0.115784
0.117248
0.217608
0.167623
0.218169
0.0189278
0.271289
0.121846
0.272485
0.223839
0.0252527
0.0255167
0.0258497
0.226078
0.226696
0.0269058
0.0272448
0.227419
0.0275749
0.0279859
0.0283969
0.228544
0.028946
0.029201
0.029717
0.030074
0.030311
0.230458
0.230614
0.231527
0.231773
0.231983
0.232376
0.232523
0.232733
0.23298
0.0339876
0.234207
0.23439
0.234564
0.236556
0.238119
0.239745
0.240249
0.240495
0.241572
0.242856
0.243213
0.243831
0.0946202
0.195076
0.245478
0.0959882
0.196381
0.246747
0.247257
0.248631
0.248961
0.260665
0.213001
0.313385
0.163658
0.213841
0.264082
0.214096
0.264273
0.264492
0.264756
0.114903
0.21514
0.26566
0.216182
0.216521
0.216833
0.216989
0.267644
0.269393
0.22467
0.225595
0.227108
0.227474
0.227831
0.228836
0.181344
0.231719
0.182103
0.235664
0.236282
0.23744
0.238139
0.238496
0.23942
0.241766
0.24287
0.243236
0.193602
0.243959
0.196314
0.247103
0.248937
0.159644
0.212522
0.267702
0.268364
0.118706
0.268708
0.121323
0.271533
0.221737
0.171752
0.27216
0.222175
0.272544
0.222691
0.272874
0.273021
0.0243049
0.274794
0.224809
0.024977
0.176361
0.126372
0.0265492
0.0271603
0.0278683
0.278136
0.22815
0.228363
0.0285824
0.0291254
0.0293715
0.0295635
0.229951
0.0303346
0.230509
0.280659
0.230674
0.0310877
0.0312977
0.231553
0.231754
0.0321468
0.232357
0.0326298
0.0331878
0.283425
0.233915
0.283929
0.234187
0.234424
0.234679
0.234871
0.235126
0.235318
0.285555
0.235837
0.236083
0.23674
0.237709
0.23821
0.238763
0.239075
0.23924
0.239432
0.241238
0.241706
0.241979
0.244262
0.246356
0.197622
0.248033
0.099992
0.207565
0.109853
0.310317
0.260968
0.261614
0.212158
0.262539
0.213333
0.363597
0.214572
0.264755
0.316887
0.219339
0.220119
0.220485
0.220887
0.221301
0.271613
0.271778
0.223449
0.225237
0.226611
0.227706
0.129017
0.229626
0.230578
0.23197
0.232402
0.232603
0.232897
0.233089
0.233548
0.233704
0.234016
0.184607
0.235144
0.285474
0.236035
0.236209
0.236356
0.236857
0.237421
0.238543
0.339314
0.242906
0.243534
0.244854
0.245274
0.146441
0.197644
0.249027
0.249789
0.26803
0.169503
0.220488
0.120698
0.271283
0.272195
0.172432
0.272655
0.222669
0.223101
0.224118
0.224451
0.125412
0.275796
0.0263478
0.0270148
0.0272068
0.0282298
0.0287818
0.0291479
0.0294809
0.0296639
0.130057
0.0303029
0.03045
0.030714
0.0315391
0.0320711
0.282578
0.232761
0.232998
0.233145
0.233364
0.233574
0.23373
0.233895
0.234352
0.234589
0.234872
0.235265
0.235466
0.285622
0.135796
0.236069
0.236393
0.236612
0.237114
0.237261
0.237525
0.237681
0.237954
0.238209
0.238455
0.238719
0.0391322
0.239597
0.240233
0.0421084
0.242438
0.244767
0.245943
0.247659
0.198304
0.248607
0.109259
0.260588
0.110602
0.260771
0.211111
0.211375
0.262633
0.26359
0.263933
0.11408
0.264245
0.264684
0.264996
0.265152
0.269228
0.221727
0.223677
0.224997
0.227766
0.22815
0.229587
0.230295
0.181354
0.231711
0.233148
0.233541
0.234141
0.234507
0.234936
0.13535
0.235737
0.236067
0.236331
0.236707
0.237073
0.237256
0.287448
0.238228
0.23989
0.240274
0.240595
0.241045
0.241565
0.241877
0.24245
0.243311
0.245414
0.245816
0.0962902
0.197493
0.198597
0.248999
0.264444
0.265286
0.167952
0.268125
0.268654
0.168837
0.269092
0.269285
0.27021
0.0209747
0.122158
0.272399
0.0227278
0.22301
0.273374
0.223389
0.12419
0.224346
0.0246701
0.0250541
0.0252101
0.0254291
0.0256031
0.0262242
0.127277
0.127469
0.0278893
0.0280453
0.228411
0.278831
0.229032
0.0294825
0.229738
0.0299385
0.0301126
0.230395
0.0306676
0.23086
0.0311417
0.231397
0.231625
0.231781
0.232018
0.23221
0.232621
0.237307
0.238456
0.239497
0.239899
0.240331
0.240478
0.190817
0.191282
0.241918
0.242311
0.242732
0.243215
0.243617
0.244199
0.244346
0.244601
0.144833
0.0951808
0.196348
0.247587
0.198007
0.248418
0.110533
0.261327
0.261501
0.262075
0.21209
0.212426
0.262441
0.262609
0.262837
0.263038
0.263194
0.114794
0.265181
0.265409
0.115551
0.215565
0.215974
0.265988
0.216157
0.116322
0.216568
0.266769
0.267382
0.167547
0.16773
0.168252
0.219023
0.269461
0.221777
0.122089
0.228134
0.12913
0.229784
0.23015
0.230678
0.231737
0.232103
0.232775
0.233232
0.23466
0.23571
0.236409
0.236793
0.237234
0.237507
0.237708
0.23883
0.24006
0.240444
0.240837
0.241824
0.242244
0.24333
0.0965852
0.0970052
0.248388
0.248745
0.165871
0.267175
0.269319
0.219452
0.269844
0.270018
0.270292
0.12046
0.270475
0.270706
0.170889
0.221072
0.171354
0.122275
0.0239131
0.0241501
0.0244051
0.0245701
0.0247531
0.0253862
0.0256232
0.0257792
0.0260912
0.0263733
0.0265293
0.0268113
0.0270393
0.227441
0.0275973
0.0278164
0.228017
0.228263
0.228482
0.229047
0.231132
0.231525
0.232719
0.233067
0.235467
0.23658
0.237306
0.237681
0.238119
0.238539
0.238905
0.239208
0.0896281
0.240012
0.0904262
0.240774
0.241161
0.241353
0.2415
0.242559
0.242973
0.243297
0.243544
0.24391
0.244084
0.246223
0.198218
0.148575
0.248953
0.249136
0.249448
0.256077
0.25626
0.257449
0.263199
0.263538
0.213859
0.164171
0.214345
0.214528
0.216002
0.166266
0.216734
0.267127
0.218732
0.0224825
0.275396
0.226302
0.226623
0.227079
0.22743
0.227658
0.228402
0.228795
0.229173
0.229338
0.229749
0.230142
0.230517
0.230901
0.231789
0.232212
0.232587
0.232869
0.233097
0.233421
0.233676
0.234322
0.235615
0.236026
0.23767
0.138045
0.288645
0.238975
0.240205
0.242785
0.244924
0.245326
0.1967
0.0972911
0.0993581
0.218042
0.218753
0.0192243
0.269719
0.170025
0.220639
0.270867
0.171266
0.271612
0.271768
0.22196
0.0222147
0.222479
0.0230998
0.0238589
0.0242339
0.024399
0.024582
0.025081
0.225309
0.225687
0.0259601
0.0263621
0.0265091
0.0268481
0.0273141
0.0278301
0.228058
0.0284812
0.2287
0.228946
0.229102
0.229495
0.129669
0.229924
0.230162
0.230444
0.230672
0.230945
0.231356
0.231593
0.232328
0.133117
0.233933
0.235532
0.236528
0.238685
0.239108
0.239381
0.2396
0.241073
0.24143
0.241742
0.242126
0.242474
0.242993
0.243747
0.244233
0.244398
0.0947817
0.245715
0.196306
0.196756
0.246903
0.198196
0.0985889
0.259859
0.210054
0.260069
0.210402
0.260882
0.110897
0.212247
0.212943
0.166979
0.218308
0.270312
0.221173
0.221944
0.222346
0.223882
0.224239
0.224569
0.225169
0.225536
0.225959
0.226196
0.227471
0.227882
0.228275
0.228857
0.230033
0.230921
0.231701
0.232346
0.232937
0.233627
0.234101
0.284647
0.235049
0.235613
0.235988
0.236894
0.237764
0.238166
0.238604
0.239862
0.241587
0.241998
0.242391
0.243432
0.193789
0.0942358
0.195898
0.196273
0.096819
0.197212
0.249225
0.265736
0.219412
0.0195993
0.1198
0.170046
0.270301
0.220466
0.120851
0.221172
0.271877
0.0220326
0.172243
0.0225247
0.0229087
0.0232958
0.0235238
0.0238538
0.224055
0.0246399
0.22507
0.025316
0.0262111
0.226622
0.0272071
0.0273541
0.0275552
0.0279662
0.228572
0.0287732
0.228974
0.229349
0.229631
0.229814
0.230228
0.231117
0.231309
0.481675
0.231867
0.232219
0.0323746
0.232549
0.232888
0.233236
0.233659
0.23398
0.234127
0.234611
0.235271
0.236329
0.236731
0.236896
0.237061
0.237325
0.237499
0.237745
0.138495
0.23866
0.239026
0.239923
0.241424
0.191799
0.242156
0.242531
0.193428
0.243767
0.244961
0.197181
0.0975559
0.255826
0.206133
0.106864
0.208102
0.158249
0.213413
0.163623
0.214089
0.214254
0.214446
0.265034
0.269079
0.21949
0.220819
0.222085
0.222358
0.225019
0.225385
0.226822
0.227576
0.228248
0.228641
0.22898
0.229439
0.229796
0.230015
0.230447
0.23063
0.230777
0.231197
0.231932
0.232244
0.233249
0.233927
0.234092
0.234293
0.234659
0.235317
0.23571
0.237075
0.237909
0.240597
0.243393
0.194461
0.245656
0.246193
0.246523
0.0995257
0.249946
0.169118
0.220178
0.220502
0.170685
0.220958
0.221177
0.221738
0.0224315
0.0227805
0.0231286
0.0233116
0.0239356
0.0241997
0.0243557
0.0246677
0.224851
0.0250878
0.225289
0.225508
0.0257359
0.0261469
0.0263389
0.0265669
0.226759
0.026942
0.22729
0.227674
0.227857
0.0282051
0.12837
0.228562
0.228958
0.229204
0.129477
0.0296963
0.230218
0.230446
0.230728
0.230983
0.231376
0.233507
0.236001
0.236577
0.23676
0.238314
0.188707
0.239211
0.239586
0.240199
0.240445
0.240856
0.241003
0.242233
0.242878
0.243325
0.2437
0.244417
0.244792
0.196004
0.247882
0.19868
0.109506
0.260251
0.110782
0.261863
0.113303
0.163513
0.264263
0.264509
0.164747
0.216814
0.0175457
0.219145
0.120114
0.221371
0.222286
0.225298
0.226906
0.227326
0.227665
0.228364
0.228676
0.230159
0.230579
0.231431
0.232004
0.282559
0.232952
0.233363
0.233885
0.234113
0.134296
0.23576
0.236162
0.238042
0.238198
0.238582
0.238912
0.239185
0.239599
0.239782
0.239983
0.240247
0.240403
0.241192
0.244484
0.244895
0.245306
0.246149
0.196848
0.247517
0.247727
0.247937
0.248192
0.248594
0.249122
0.150311
0.113134
0.263281
0.214077
0.0147114
0.0179838
0.118542
0.0187009
0.21937
0.0202922
0.0208503
0.220997
0.0213274
0.121483
0.121667
0.221922
0.0221046
0.27279
0.0237129
0.0242439
0.0244089
0.025101
0.0256501
0.0259231
0.226151
0.0266192
0.0269012
0.227321
0.23
0.231941
0.232298
0.232844
0.233255
0.233679
0.233898
0.235713
0.236655
0.237606
0.237981
0.0889317
0.239658
0.239997
0.2412
0.241566
0.242094
0.242469
0.242889
0.2433
0.244341
0.244743
0.245292
0.245466
0.245805
0.246459
0.248148
0.24858
0.0987725
0.19892
0.199331
0.249751
0.255533
0.212613
0.263033
0.263189
0.263381
0.263774
0.264278
0.264594
0.214924
0.165089
0.265491
0.215647
0.21583
0.16608
0.266095
0.166299
0.216527
0.21709
0.267264
0.217456
0.222235
0.224905
0.225271
0.225664
0.226147
0.22663
0.227896
0.228442
0.230365
0.230857
0.234121
0.235072
0.235493
0.235904
0.236324
0.236816
0.23738
0.237755
0.238178
0.238415
0.238835
0.239318
0.240332
0.242318
0.242831
0.243023
0.243749
0.244106
0.248936
0.0999775
0.269134
0.270952
0.271699
0.172107
0.222603
0.273671
0.273953
0.124226
0.12461
0.174793
0.275075
0.125258
0.226966
0.0272117
0.0274308
0.0276858
0.0278778
0.0280248
0.0281808
0.0285378
0.0287208
0.0291529
0.0294259
0.0295999
0.129873
0.0302749
0.230548
0.23089
0.0311721
0.0313821
0.0315921
0.231739
0.231913
0.232333
0.23248
0.232933
0.233125
0.233371
0.23371
0.233876
0.23436
0.234792
0.0349656
0.235203
0.235605
0.235989
0.236328
0.237045
0.23868
0.239406
0.240069
0.241029
0.24147
0.241671
0.242208
0.244302
0.244938
0.246415
0.246757
0.246931
0.0972973
0.24769
0.24847
0.249376
0.249887
0.207614
0.212043
0.262199
0.21289
0.213389
0.213563
0.263737
0.214298
0.264677
0.164824
0.214989
0.265163
0.165382
0.26561
0.266177
0.266543
0.216735
0.217284
0.218026
0.219565
0.220553
0.220955
0.221339
0.222398
0.225751
0.22609
0.226465
0.227686
0.228655
0.229525
0.229891
0.230284
0.230842
0.231079
0.232372
0.232729
0.233942
0.23474
0.235226
0.235646
0.186039
0.236303
0.236714
0.237512
0.239939
0.241223
0.24185
0.242189
0.243671
0.244235
0.245159
0.166432
0.0171238
0.268372
0.118573
0.219113
0.219545
0.269547
0.27006
0.270435
0.120774
0.220957
0.221919
0.222156
0.222393
0.0236778
0.224017
0.0246599
0.225284
0.025698
0.0259441
0.0262261
0.0265871
0.0268421
0.0271242
0.0272802
0.127427
0.227601
0.227757
0.0281593
0.0283783
0.0287273
0.128901
0.229102
0.0297204
0.229912
0.230059
0.230426
0.230672
0.230873
0.231128
0.231539
0.231722
0.231896
0.0331408
0.233633
0.233915
0.23417
0.234425
0.23507
0.236507
0.237002
0.237167
0.237695
0.238115
0.239318
0.239702
0.240347
0.240681
0.240927
0.0917696
0.194116
0.0967047
0.0978538
0.24885
0.249369
0.208
0.209195
0.209498
0.260344
0.261826
0.163184
0.213673
0.163842
0.213856
0.214069
0.214216
0.214426
0.2146
0.265194
0.21635
0.269461
0.220833
0.272171
0.274175
0.224793
0.225123
0.226146
0.22653
0.17724
0.228641
0.229043
0.229463
0.229838
0.230546
0.231506
0.231899
0.232331
0.232871
0.233108
0.233495
0.233837
0.234011
0.234323
0.234471
0.234846
0.235038
0.235311
0.235938
0.236286
0.238083
0.238449
0.239085
0.240018
0.240645
0.241731
0.242214
0.243957
0.247914
0.0983253
0.149483
0.0999663
0.2629
0.215419
0.215566
0.165749
0.265941
0.166124
0.0181846
0.0193188
0.11964
0.220345
0.221146
0.021494
0.0222801
0.0227842
0.272931
0.0233153
0.0237083
0.0241743
0.0248114
0.0249674
0.0254715
0.0262426
0.0264976
0.0266806
0.23014
0.0306778
0.232403
0.234083
0.234503
0.23486
0.235391
0.235547
0.235877
0.236414
0.236954
0.237191
0.0880342
0.238427
0.238793
0.239195
0.239702
0.190071
0.240219
0.240411
0.240943
0.241198
0.241522
0.241759
0.242143
0.2425
0.243154
0.19334
0.243355
0.244427
0.194814
0.195024
0.19518
0.245519
0.245783
0.145993
0.24635
0.246851
0.19755
0.248429
0.24908
0.0993085
0.249713
0.249897
0.250183
0.212757
0.263258
0.163504
0.213723
0.213879
0.214285
0.214468
0.215444
0.217722
0.218493
0.118703
0.219078
0.219588
0.220948
0.221221
0.221767
0.272133
0.222574
0.222847
0.223996
0.22438
0.224803
0.225307
0.225985
0.22624
0.126477
0.226834
0.227191
0.227365
0.227749
0.227923
0.228316
0.278748
0.228923
0.229387
0.229801
0.229975
0.230323
0.280542
0.231133
0.232318
0.236878
0.241753
0.19625
0.196643
0.247837
0.211516
0.262304
0.162772
0.214008
0.21491
0.166332
0.0181046
0.118351
0.21885
0.0198588
0.0214412
0.0221103
0.222894
0.123068
0.0232335
0.0234885
0.0239426
0.0243266
0.224867
0.225086
0.0253137
0.0256528
0.0258448
0.0260188
0.226202
0.227291
0.227537
0.227921
0.228113
0.0282692
0.0284432
0.228689
0.228935
0.229091
0.229364
0.229847
0.0305794
0.231149
0.231405
0.231606
0.232008
0.232548
0.232971
0.233265
0.233493
0.233685
0.234456
0.235431
0.135824
0.236721
0.237123
0.237579
0.188044
0.238392
0.240792
0.142476
0.242994
0.193159
0.243579
0.244503
0.244959
0.245713
0.196142
0.197804
0.248233
0.198896
0.209897
0.260299
0.110839
0.212883
0.213147
0.213303
0.213531
0.263777
0.213978
0.264336
0.267105
0.218299
0.22105
0.271407
0.172214
0.222715
0.226591
0.226997
0.22718
0.227771
0.228155
0.228569
0.22898
0.229217
0.229574
0.22973
0.229913
0.230228
0.230465
0.230849
0.231224
0.232177
0.232534
0.233899
0.23422
0.234622
0.23578
0.186587
0.238222
0.239875
0.241906
0.242366
0.242549
0.24332
0.244856
0.264457
0.216923
0.217279
0.217675
0.118077
0.268273
0.218786
0.0206078
0.0212348
0.0214719
0.0216189
0.0219409
0.122229
0.222244
0.22268
0.023439
0.023613
0.223877
0.0240691
0.0244291
0.0248051
0.0252162
0.225417
0.0255732
0.0257922
0.226056
0.0262573
0.226503
0.226896
0.227463
0.22801
0.228514
0.22924
0.229387
0.229543
0.0298159
0.232255
0.232657
0.233005
0.234289
0.234925
0.236425
0.186791
0.237409
0.23827
0.238663
0.239227
0.241016
0.241616
0.242036
0.242375
0.243362
0.243755
0.244058
0.244388
0.247049
0.247793
0.098231
0.149362
0.249746
0.107589
0.207603
0.260016
0.210556
0.261828
0.212368
0.262614
0.112833
0.263211
0.213439
0.26377
0.2142
0.214347
0.214743
0.165145
0.215418
0.217264
0.268689
0.224671
0.22654
0.276915
0.227485
0.227767
0.228049
0.230998
0.232958
0.233324
0.23491
0.236536
0.237004
0.237151
0.237526
0.238414
0.238816
0.239296
0.239533
0.239689
0.240658
0.240988
0.241525
0.241958
0.24215
0.242546
0.24281
0.24364
0.244072
0.244219
0.244756
0.245734
0.246127
0.197024
0.248177
0.248588
0.248972
0.249815
0.204435
0.21672
0.268327
0.120801
0.221735
0.121957
0.221972
0.172386
0.272564
0.122809
0.273082
0.22331
0.223583
0.0242884
0.0244984
0.0247804
0.0249814
0.0255155
0.0257165
0.0259265
0.226137
0.0269046
0.127088
0.0274987
0.0278377
0.0280838
0.0283208
0.228624
0.0291849
0.229395
0.029551
0.229815
0.129962
0.0301271
0.230493
0.180748
0.231177
0.231588
0.232566
0.23313
0.23445
0.234844
0.235858
0.236278
0.237004
0.237397
0.238294
0.240316
0.240907
0.191669
0.242137
0.192329
0.243064
0.244915
0.0952091
0.245629
0.246184
0.246634
0.246907
0.24766
0.198611
0.2494
0.113558
0.263572
0.21374
0.263932
0.264206
0.114479
0.2148
0.215148
0.265349
0.165679
0.26609
0.16662
0.266634
0.216928
0.267084
0.267303
0.267495
0.267816
0.168062
0.268602
0.318749
0.268968
0.219754
0.270295
0.220643
0.221352
0.2226
0.173083
0.223431
0.223851
0.22428
0.225453
0.226997
0.227606
0.22889
0.229589
0.23018
0.230834
0.233126
0.233519
0.233942
0.234197
0.234461
0.235412
0.236725
0.237665
0.237839
0.239843
0.240344
0.242078
0.24338
0.244106
0.244721
0.245141
0.245289
0.245676
0.245913
0.246324
0.246489
0.246819
0.248517
0.0991439
0.158098
0.2661
0.117225
0.217394
0.117786
0.167978
0.119175
0.170348
0.220709
0.221505
0.0239171
0.224878
0.0250612
0.0252892
0.0257093
0.0259283
0.0260753
0.0262943
0.0265313
0.0266873
0.0268524
0.0270264
0.0272544
0.0274194
0.227647
0.0278215
0.0280315
0.22825
0.229237
0.231503
0.231905
0.232433
0.232826
0.233264
0.233954
0.234671
0.23627
0.237905
0.238373
0.238583
0.239147
0.239693
0.24023
0.240956
0.241331
0.2417
0.241928
0.242528
0.242948
0.243359
0.243716
0.244749
0.245133
0.2463
0.246828
0.247296
0.247533
0.0986728
0.249858
0.255559
0.26007
0.210084
0.260417
0.260591
0.210742
0.260756
0.161753
0.212266
0.112399
0.212413
0.213967
0.114807
0.265035
0.115456
0.171654
0.225674
0.126373
0.226757
0.228221
0.229361
0.230456
0.23084
0.231368
0.231914
0.233027
0.233402
0.233769
0.235242
0.236553
0.237081
0.237564
0.237957
0.239539
0.240373
0.246004
0.199277
0.249652
0.0199986
0.121097
0.121316
0.171463
0.271856
0.172111
0.272495
0.173093
0.124066
0.22408
0.0255143
0.0256613
0.226081
0.226282
0.226696
0.0272095
0.0276685
0.0278516
0.0282266
0.0286376
0.0289196
0.22913
0.0295796
0.22979
0.230054
0.230246
0.0303927
0.230567
0.230732
0.0308968
0.0317699
0.232052
0.282208
0.232355
0.03273
0.132976
0.233132
0.0334981
0.233726
0.233954
0.234146
0.234338
0.234557
0.235508
0.235865
0.236168
0.236588
0.237003
0.237267
0.237441
0.23796
0.23838
0.238737
0.239148
0.241305
0.241737
0.241893
0.092538
0.193327
0.24372
0.244059
0.194839
0.24579
0.0961292
0.24654
0.247248
0.0979293
0.0984124
0.198853
0.199135
0.249789
0.260854
0.211205
0.111718
0.261955
0.262156
0.162402
0.163323
0.214235
0.214628
0.215132
0.215543
0.217205
0.21758
0.268639
0.220004
0.221279
0.221699
0.123649
0.224051
0.22479
0.225384
0.225567
0.225742
0.226126
0.226771
0.228928
0.229969
0.230722
0.281133
0.231472
0.232801
0.233158
0.233866
0.234241
0.235867
0.236197
0.239785
0.240727
0.241462
0.247777
0.248251
0.256388
0.266278
0.116621
0.217128
0.267941
0.268097
0.118499
0.218806
0.219442
0.119456
0.1699
0.172471
0.222891
0.273266
0.0236679
0.0239409
0.0241509
0.0243249
0.0245979
0.0248619
0.025429
0.0259061
0.0260531
0.0264731
0.227115
0.0273342
0.0281383
0.0283753
0.278522
0.178723
0.0293094
0.229846
0.230198
0.230501
0.230765
0.231248
0.0320007
0.232247
0.232724
0.23312
0.233357
0.233513
0.233669
0.234062
0.234473
0.235416
0.236253
0.236577
0.236733
0.236934
0.237162
0.237426
0.237672
0.1879
0.238413
0.238744
0.238999
0.2392
0.239512
0.190247
0.240625
0.190808
0.141036
0.241348
0.242595
0.242787
0.242997
0.04327
0.0936361
0.244368
0.144761
0.246594
0.24772
0.0978764
0.198041
0.198389
0.248537
0.260016
0.110538
0.211043
0.261271
0.261637
0.213173
0.264095
0.214777
0.165138
0.217679
0.219275
0.219794
0.22139
0.271882
0.222401
0.222749
0.223799
0.224327
0.224702
0.22586
0.228233
0.22922
0.229694
0.23096
0.231356
0.231522
0.231888
0.233505
0.234222
0.236631
0.237411
0.23856
0.238917
0.239337
0.239955
0.240717
0.191353
0.245248
0.0981161
0.261972
0.262493
0.0171928
0.018417
0.018663
0.01881
0.268993
0.16914
0.169296
0.169662
0.119827
0.0199832
0.0205712
0.0208083
0.0211653
0.0213753
0.0219153
0.0224554
0.272728
0.273161
0.223566
0.0244367
0.0246557
0.124857
0.0250218
0.0251958
0.275544
0.227126
0.22778
0.228284
0.228557
0.230993
0.232862
0.233471
0.235367
0.236093
0.236468
0.236843
0.237182
0.237503
0.238122
0.238599
0.2388
0.239652
0.240666
0.241059
0.241452
0.242019
0.242265
0.24327
0.244734
0.245559
0.246276
0.248055
0.248925
0.249552
0.0998732
0.25962
0.259785
0.210266
0.260791
0.210806
0.26177
0.262086
0.262251
0.112933
0.213089
0.11324
0.213254
0.263791
0.463947
0.21434
0.264595
0.264751
0.264898
0.265046
0.215512
0.26574
0.26616
0.168485
0.268632
0.220975
0.222385
0.223651
0.224035
0.224383
0.224758
0.22642
0.227533
0.227953
0.228913
0.229301
0.229565
0.22994
0.230132
0.230453
0.230993
0.231149
0.231542
0.231962
0.132331
0.232478
0.233141
0.13384
0.23426
0.234671
0.235082
0.236357
0.236669
0.239249
0.240362
0.241376
0.242138
0.246217
0.246601
0.197444
0.248476
0.2665
0.267542
0.267747
0.118071
0.2684
0.118556
0.119163
0.1694
0.0209615
0.0212935
0.22145
0.0220816
0.0236007
0.0237837
0.0239758
0.0243868
0.0258249
0.0259719
0.226209
0.226446
0.226656
0.0268031
0.0270131
0.0272591
0.227661
0.0278441
0.228009
0.228432
0.0286512
0.228888
0.229161
0.229389
0.229782
0.180364
0.230824
0.231052
0.23161
0.231757
0.232318
0.232564
0.232711
0.233044
0.233455
0.23362
0.234043
0.234208
0.234418
0.23494
0.235351
0.235516
0.235708
0.286209
0.0367553
0.0413164
0.241829
0.242048
0.193098
0.243537
0.243939
0.244251
0.0946257
0.245658
0.197314
0.247689
0.197881
0.14831
0.198724
0.248925
0.249291
0.249675
0.209784
0.25994
0.260096
0.110399
0.110794
0.260959
0.261631
0.21185
0.262069
0.213472
0.213637
0.214477
0.216144
0.216699
0.218598
0.618919
0.219258
0.220659
0.171208
0.2214
0.222261
0.223086
0.223491
0.223764
0.224787
0.225378
0.225924
0.226263
0.227835
0.228534
0.228891
0.229275
0.230065
0.230908
0.232138
0.282918
0.233842
0.234376
0.234568
0.634907
0.285108
0.235336
0.236143
0.237922
0.238408
0.238555
0.238903
0.639566
0.240733
0.192251
0.242788
0.0942884
0.195698
0.246109
0.249886
0.167834
0.168582
0.169685
0.219699
0.220212
0.670741
0.22124
0.121254
0.221922
0.222177
0.222508
0.672746
0.673049
0.0240327
0.0248628
0.225019
0.225211
0.0255318
0.0256789
0.0264889
0.0266359
0.0268819
0.028122
0.128386
0.0286231
0.0287701
0.0289711
0.0293551
0.679556
0.229739
0.229958
0.0301323
0.231477
0.0318704
0.232263
0.232588
0.0328435
0.233009
0.233351
0.233771
0.233945
0.234128
0.684374
0.684593
0.234986
0.235523
0.685934
0.237249
0.237615
0.238053
0.238419
0.240405
0.240816
0.241413
0.241659
0.241962
0.692484
0.0928894
0.693171
0.243829
0.244111
0.244312
0.194627
0.24481
0.2482
0.24862
0.0989798
0.199253
0.249793
0.70106
0.156071
0.259918
0.210065
0.261194
0.261377
0.26168
0.712539
0.262776
0.263136
0.21331
0.213953
0.26467
0.266438
0.217377
0.21913
0.221071
0.221491
0.224602
0.224968
0.226279
0.227014
0.22738
0.227863
0.228193
0.228505
0.230725
0.231127
0.231538
0.231931
0.232336
0.732492
0.232895
0.233327
0.233537
0.233939
0.234413
0.234963
0.1852
0.735632
0.23638
0.236617
0.237073
0.237457
0.237868
0.238684
0.239194
0.239614
0.240025
0.241111
0.0940602
0.194561
0.246205
0.197282
0.248611
0.249211
0.199631
0.115136
0.0190294
0.269266
0.219678
0.120315
0.170492
0.121061
0.0212528
0.0216368
0.271779
0.0221169
0.222345
0.0242321
0.0250042
0.0252862
0.125419
0.0254333
0.0255923
0.0258743
0.0262043
0.226864
0.227203
0.227516
0.0277526
0.0279266
0.0280826
0.278266
0.228596
0.0291478
0.22955
0.229778
0.029997
0.23039
0.230654
0.230801
0.230975
0.231341
0.231515
0.232055
0.232301
0.232667
0.234392
0.235352
0.235727
0.236141
0.236565
0.236784
0.236949
0.237105
0.237456
0.187729
0.238365
0.238938
0.243291
0.243603
0.144005
0.244362
0.245637
0.0960482
0.246378
0.246933
0.197281
0.198043
0.261767
0.262124
0.112334
0.26249
0.263159
0.213324
0.164118
0.214654
0.214936
0.215329
0.216079
0.268083
0.219616
0.122025
0.222445
0.224062
0.225706
0.22699
0.22735
0.227737
0.277947
0.22813
0.228661
0.278853
0.229408
0.230198
0.280585
0.230813
0.231233
0.231398
0.232106
0.233948
0.234863
0.235526
0.235913
0.236261
0.237033
0.237261
0.237408
0.237681
0.238056
0.239844
0.242352
0.244761
0.245658
0.246321
0.246813
0.147224
0.148347
0.248668
0.222715
0.223624
0.173843
0.27475
0.275713
0.125872
0.12687
0.227357
0.127757
0.227771
0.279518
0.229532
0.229727
0.230249
0.280673
0.230805
0.28082
0.231372
0.23172
0.0319836
0.0321847
0.0324577
0.0328597
0.0331057
0.233289
0.0335257
0.0337358
0.0339008
0.0341108
0.0343028
0.234477
0.234642
0.234888
0.23508
0.235299
0.035602
0.035749
0.235968
0.236133
0.0363702
0.0365622
0.23679
0.0369642
0.237312
0.237531
0.237714
0.237978
0.240387
0.141843
0.242182
0.242611
0.244336
0.195125
0.245521
0.245686
0.246163
0.296703
0.0969129
0.197132
0.19751
0.097657
0.197978
0.0986951
0.249574
0.250039
0.261292
0.212246
0.21275
0.163236
0.21341
0.264436
0.264673
0.265021
0.215685
0.216105
0.266453
0.216792
0.217186
0.267516
0.217699
0.268138
0.218402
0.268786
0.219068
0.119488
0.222299
0.22271
0.223067
0.223424
0.273817
0.224309
0.224666
0.225302
0.225713
0.226853
0.227606
0.227927
0.228617
0.229028
0.231284
0.231651
0.232071
0.233778
0.234261
0.234933
0.238062
0.238419
0.238794
0.290015
0.19192
0.243159
0.244398
0.244845
0.267222
0.367641
0.217962
0.268136
0.118409
0.0210135
0.0215445
0.0219016
0.0227056
0.0234256
0.0238487
0.0240947
0.174867
0.0255169
0.125871
0.225886
0.226718
0.126732
0.177069
0.227083
0.227296
0.0278453
0.0280643
0.22831
0.0287123
0.278895
0.229069
0.0293154
0.229708
0.229901
0.230084
0.230708
0.230873
0.0312206
0.0317726
0.232037
0.232211
0.232484
0.0326937
0.233045
0.283201
0.23354
0.233759
0.333942
0.234197
0.334434
0.23459
0.234755
0.235019
0.135547
0.236246
0.236819
0.237284
0.237803
0.23816
0.238598
0.239009
0.2396
0.239811
0.240003
0.24024
0.190642
0.241182
0.191455
0.243054
0.194374
0.244767
0.245151
0.196174
0.198043
0.09885
0.19927
0.249654
0.104498
0.309306
0.210647
0.210857
0.111196
0.262307
0.263103
0.263304
0.213568
0.213956
0.264113
0.214893
0.215913
0.167171
0.218032
0.218563
0.219376
0.222343
0.222808
0.223456
0.223675
0.2254
0.227404
0.228553
0.280989
0.2323
0.232666
0.233023
0.236495
0.23696
0.0897466
0.240107
0.290272
0.241493
0.241922
0.242324
0.242708
0.194964
0.256844
0.263141
0.113965
0.168665
0.21988
0.270756
0.270924
0.221532
0.271755
0.173477
0.123479
0.273491
0.22374
0.124013
0.124241
0.17441
0.225627
0.275886
0.226305
0.0266378
0.0268928
0.227175
0.0273579
0.0275319
0.027697
0.227848
0.277862
0.028258
0.028459
0.278714
0.278933
0.0293441
0.0295001
0.0296562
0.0298482
0.230013
0.130569
0.0308993
0.0310553
0.0312473
0.0314213
0.231577
0.231814
0.232096
0.232508
0.235346
0.23573
0.236312
0.236723
0.237962
0.238349
0.238751
0.239144
0.239564
0.189729
0.24017
0.240518
0.241274
0.241439
0.241871
0.242153
0.242573
0.242801
0.243368
0.243755
0.293902
0.244077
0.244848
0.245199
0.245454
0.245874
0.19655
0.24722
0.0976038
0.247988
0.248189
0.199059
0.249866
0.260129
0.210312
0.110628
0.261566
0.211581
0.21207
0.262418
0.262592
0.162994
0.213442
0.163652
0.163808
0.264054
0.314813
0.218083
0.222931
0.223342
0.22381
0.124083
0.224783
0.227345
0.228512
0.229157
0.229901
0.231023
0.231392
0.231776
0.231932
0.232487
0.232799
0.233903
0.185646
0.236069
0.236465
0.237159
0.237351
0.237699
0.237909
0.190498
0.240828
0.241329
0.243919
0.14448
0.244717
0.194972
0.246904
0.249637
0.217184
0.267343
0.117357
0.267864
0.218658
0.26885
0.119573
0.219903
0.270696
0.27099
0.271137
0.0219862
0.0221962
0.272388
0.22262
0.0243274
0.0245104
0.224729
0.0253366
0.225511
0.0260787
0.0262257
0.0267657
0.126967
0.0271497
0.127508
0.227754
0.0281288
0.0283838
0.0286028
0.0288129
0.0289869
0.229251
0.279644
0.0305891
0.230817
0.23112
0.23169
0.231954
0.232182
0.232455
0.232839
0.0338893
0.234312
0.234576
0.184978
0.235354
0.235864
0.23623
0.236632
0.237439
0.238993
0.240277
0.240661
0.241039
0.241321
0.242614
0.194303
0.144642
0.0949902
0.246688
0.247054
0.0973753
0.199172
0.258759
0.260003
0.210222
0.21147
0.212517
0.213182
0.263852
0.264062
0.164713
0.214869
0.215052
0.115217
0.26549
0.216227
0.217742
0.218126
0.219546
0.219729
0.220104
0.270398
0.22071
0.220983
0.271658
0.222519
0.273497
0.22408
0.224566
0.124722
0.226876
0.227314
0.227827
0.228019
0.228439
0.330488
0.23395
0.234298
0.2347
0.235048
0.135927
0.236482
0.237379
0.237718
0.191252
0.242797
0.244072
0.244736
0.245633
0.246008
0.2492
0.250052
0.112927
0.115719
0.117006
0.217754
0.168106
0.218737
0.319613
0.270933
0.0214745
0.0228317
0.222979
0.223363
0.0253051
0.225899
0.0264302
0.0268983
0.0273213
0.0275403
0.277714
0.227861
0.278116
0.0283085
0.278554
0.0296436
0.229926
0.230319
0.0306008
0.0312758
0.281513
0.231732
0.032173
0.032455
0.232794
0.0330581
0.0333611
0.233517
0.235758
0.236244
0.236409
0.236859
0.237033
0.243942
0.244345
0.245035
0.245401
0.246811
0.248023
0.248587
0.24898
0.249598
0.261332
0.261969
0.262664
0.262883
0.263165
0.263597
0.264008
0.114254
0.214491
0.264902
0.26513
0.265313
0.165688
0.26588
0.266108
0.266565
0.216739
0.216994
0.268149
0.268395
0.218824
0.220524
0.221268
0.271688
0.223869
0.226347
0.227037
0.227838
0.327994
0.228324
0.229077
0.229518
0.229938
0.23022
0.331738
0.282197
0.232407
0.232728
0.28304
0.233553
0.233809
0.234418
0.2377
0.23974
0.24052
0.241255
0.244294
0.244762
0.0951549
0.245365
0.146127
0.096568
0.24697
0.0972251
0.147636
0.265901
0.266111
0.266645
0.31666
0.266954
0.267467
0.267645
0.268184
0.268412
0.268658
0.219632
0.269646
0.269832
0.270069
0.270568
0.0207415
0.0213876
0.272486
0.273017
0.224014
0.0241788
0.0252589
0.0254599
0.025706
0.025934
0.0265821
0.0268641
0.227146
0.0275061
0.227809
0.0280552
0.228256
0.0284212
0.128586
0.0291353
0.0295553
0.179702
0.229903
0.230086
0.230359
0.0316945
0.232331
0.236279
0.136921
0.237479
0.238007
0.238391
0.0887785
0.238793
0.238979
0.239171
0.239408
0.23972
0.239903
0.190131
0.240479
0.240671
0.0910552
0.241337
0.24191
0.24233
0.243479
0.244169
0.245265
0.245676
0.246096
0.247056
0.247503
0.197869
0.148208
0.248736
0.249246
0.25988
0.260282
0.261246
0.211883
0.213697
0.213979
0.264189
0.26459
0.164983
0.215157
0.165367
0.215524
0.215854
0.266274
0.316829
0.217333
0.26748
0.267846
0.270417
0.220828
0.273147
0.230398
0.282537
0.233443
0.236851
0.287721
0.238123
0.238705
0.0900883
0.241066
0.241414
0.242725
0.243073
0.243538
0.244895
0.245288
0.247787
0.24863
0.249032
0.249563
0.249965
0.106792
0.264971
0.316656
0.16667
0.268025
0.268439
0.268859
0.269001
0.119531
0.270176
0.270707
0.0215691
0.0217251
0.272283
0.272622
0.222769
0.2233
0.273861
0.224089
0.0247745
0.0250475
0.225306
0.275321
0.0261736
0.0263566
0.226768
0.226951
0.277419
0.0277788
0.27798
0.0286199
0.27883
0.279196
0.029379
0.229535
0.179713
0.0297271
0.229895
0.280087
0.230519
0.0307652
0.0310382
0.231311
0.231476
0.0316233
0.0323643
0.232637
0.182838
0.233186
0.0333604
0.0338675
0.234123
0.234387
0.284906
0.235143
0.235446
0.235839
0.23625
0.238011
0.23952
0.239859
0.243528
0.244605
0.245268
0.0973081
0.247737
0.298319
0.248991
0.0995013
0.259354
0.112123
0.262319
0.212333
0.312675
0.162876
0.264155
0.264428
0.264692
0.216186
0.269249
0.219819
0.220047
0.270395
0.220569
0.220953
0.22131
0.222684
0.22404
0.22446
0.274862
0.225993
0.226872
0.277634
0.227992
0.228532
0.228778
0.229207
0.279996
0.230389
0.233759
0.23396
0.28438
0.23588
0.237101
0.238286
0.289516
0.189882
0.240332
0.290497
0.242852
0.293299
0.243737
0.0962545
0.197746
0.248337
0.249054
0.299825
0.26376
0.11412
0.264135
0.265075
0.315892
0.215906
0.267721
0.268957
0.0196569
0.270829
0.220844
0.121007
0.221021
0.271363
0.273544
0.273799
0.0239464
0.0242944
0.225324
0.225966
0.226185
0.126377
0.276551
0.276797
0.227007
0.0272168
0.0276369
0.227793
0.228309
0.0287199
0.22914
0.179443
0.0298181
0.0299741
0.130161
0.180175
0.0304241
0.0306162
0.0312102
0.0316492
0.232481
0.232947
0.0332293
0.233376
0.233577
0.0337244
0.233952
0.234136
0.234373
0.184601
0.0348376
0.235366
0.285381
0.235741
0.235978
0.236161
0.23638
0.236653
0.286809
0.237091
0.237337
0.18752
0.237694
0.238243
0.23839
0.288792
0.239038
0.289284
0.242953
0.0952814
0.246196
0.19731
0.197658
0.249338
0.0996677
0.200164
0.257002
0.107608
0.258594
0.208741
0.162807
0.212821
0.213374
0.21407
0.264289
0.264436
0.215223
0.315478
0.266328
0.220573
0.224782
0.225697
0.176738
0.32732
0.230143
0.230738
0.231168
0.281552
0.231954
0.232347
0.233091
0.283619
0.233976
0.235368
0.287165
0.337558
0.237987
0.238632
0.23898
0.239481
0.0934561
0.244164
0.244539
0.0949593
0.29528
0.296456
0.24678
0.246954
0.247338
0.249361
0.149956
0.214711
0.265582
0.265906
0.266228
0.316239
0.21723
0.267232
0.118266
0.218413
0.168578
0.119398
0.31993
0.220636
0.0217021
0.271957
0.222497
0.0229491
0.223277
0.0237532
0.274137
0.0243022
0.0245303
0.0247853
0.0251693
0.0257094
0.275919
0.226754
0.0269726
0.0275856
0.0279786
0.0281706
0.278564
0.278747
0.228939
0.0290948
0.0292508
0.229434
0.229707
0.230064
0.18031
0.0313571
0.281888
0.132435
0.232831
0.233233
0.233434
0.233635
0.233992
0.234358
0.234532
0.234872
0.23543
0.285991
0.236402
0.236795
0.23696
0.237224
0.23759
0.23801
0.238421
0.239255
0.239639
0.240311
0.240731
0.291862
0.0923993
0.242819
0.244508
0.244928
0.246455
0.248144
0.249105
0.249516
0.0999266
0.161337
0.11164
0.212121
0.162268
0.212487
0.312836
0.263342
0.264
0.214273
0.214693
0.165078
0.265408
0.215957
0.119044
0.271054
0.222473
0.223307
0.223655
0.223829
0.374186
0.174378
0.224552
0.226467
0.226878
0.227829
0.22818
0.228435
0.229881
0.330382
0.230805
0.231015
0.231399
0.231891
0.232311
0.232623
0.233223
0.233589
0.23391
0.234348
0.235398
0.23571
0.237255
0.287819
0.23854
0.238822
0.239095
0.239288
0.239525
0.239717
0.240056
0.240971
0.0927048
0.144205
0.264159
0.214997
0.215947
0.267362
0.117374
0.267725
0.269076
0.169424
0.119643
0.269898
0.0222893
0.0225624
0.0227634
0.0229194
0.0232494
0.0234774
0.0237414
0.0243565
0.025062
0.025263
0.225473
0.0258871
0.0260791
0.226235
0.126427
0.226691
0.0269102
0.22733
0.227696
0.227933
0.0281163
0.228464
0.228629
0.22905
0.229224
0.231226
0.281821
0.233402
0.23375
0.23489
0.286714
0.23726
0.2384
0.238973
0.239411
0.240632
0.240998
0.241439
0.241721
0.142051
0.0924263
0.242873
0.243287
0.243452
0.243854
0.0448235
0.245106
0.246075
0.246423
0.0967797
0.197074
0.197458
0.248553
0.149495
0.249861
0.211384
0.262378
0.212393
0.263026
0.263191
0.263419
0.213575
0.263995
0.164142
0.214343
0.214949
0.215336
0.215564
0.216684
0.267713
0.218689
0.219067
0.21934
0.220786
0.223438
0.22384
0.275394
0.225805
0.226801
0.227221
0.227857
0.22906
0.27948
0.230323
0.23185
0.232522
0.234697
0.238195
0.238498
0.239116
0.24049
0.24163
0.242015
0.24347
0.243791
0.244184
0.24464
0.246284
0.246623
0.247136
0.29752
0.0977209
0.098072
0.2483
0.248612
0.249248
0.116259
0.266274
0.216625
0.267312
0.217531
0.217951
0.218849
0.27019
0.0210075
0.0218056
0.0221207
0.0222677
0.172607
0.0232618
0.123445
0.0242428
0.0244169
0.2246
0.0251399
0.0256889
0.025962
0.026208
0.026454
0.026628
0.026901
0.02762
0.227776
0.22804
0.228196
0.229175
0.229448
0.230147
0.230522
0.232571
0.233414
0.237129
0.238089
0.238941
0.239343
0.239763
0.240075
0.240525
0.190936
0.24111
0.241425
0.241653
0.242073
0.242247
0.193144
0.243537
0.244005
0.244353
0.244767
0.245088
0.245235
0.195476
0.24595
0.196505
0.24733
0.247886
0.248522
0.248909
0.249119
0.258926
0.209109
0.209256
0.109448
0.263102
0.263267
0.113486
0.26387
0.214017
0.164392
0.265369
0.115633
0.215825
0.216231
0.216477
0.216888
0.21708
0.270549
0.171941
0.223144
0.224518
0.22501
0.227302
0.228982
0.230131
0.231901
0.23305
0.233353
0.233845
0.234958
0.235333
0.1865
0.23683
0.237241
0.238552
0.239882
0.242201
0.242567
0.24395
0.244298
0.245762
0.246173
0.246521
0.246968
0.248063
0.248456
0.148813
0.249269
0.249716
0.113993
0.164942
0.115089
0.266152
0.216914
0.268303
0.120586
0.270937
0.222627
0.223255
0.0242326
0.0246447
0.125476
0.275749
0.225932
0.0260968
0.0262979
0.0264719
0.0266549
0.0268559
0.0271679
0.0273419
0.228045
0.028357
0.0285941
0.0287951
0.0290591
0.279921
0.230203
0.0303863
0.280596
0.230815
0.0313734
0.23152
0.233075
0.235472
0.235829
0.237293
0.238136
0.288529
0.238976
0.239378
0.240149
0.240698
0.240845
0.092481
0.242637
0.193195
0.243708
0.243945
0.244092
0.244275
0.245046
0.246862
0.247063
0.247448
0.247649
0.249194
0.24983
0.252829
0.111664
0.262633
0.113034
0.263048
0.213256
0.26327
0.263657
0.164321
0.164513
0.164924
0.265143
0.215317
0.265684
0.266928
0.267079
0.117093
0.217546
0.267966
0.27115
0.22157
0.222314
0.22304
0.223442
0.223799
0.224228
0.225437
0.225884
0.276826
0.227597
0.22952
0.229967
0.2311
0.28152
0.231868
0.232234
0.232645
0.233333
0.233745
0.233946
0.234297
0.234543
0.234735
0.234936
0.236166
0.236505
0.287222
0.239199
0.242256
0.242604
0.243006
0.243417
0.24444
0.244788
0.245211
0.245376
0.212189
0.0133334
0.165831
0.266218
0.266392
0.266548
0.267025
0.267377
0.117746
0.117929
0.168442
0.219535
0.21994
0.0204936
0.0207306
0.0210787
0.0212887
0.222472
0.0228289
0.0231949
0.223441
0.0237621
0.224911
0.225067
0.0252233
0.0254333
0.0258113
0.226288
0.227021
0.0271856
0.227588
0.277744
0.0283268
0.0285729
0.228738
0.229077
0.029287
0.229506
0.229863
0.280259
0.230451
0.230754
0.281138
0.18154
0.2339
0.235553
0.236801
0.238661
0.189018
0.239573
0.239993
0.190476
0.240842
0.24137
0.191898
0.242318
0.242675
0.243698
0.244272
0.245277
0.246516
0.0982046
0.0985917
0.198766
0.199114
0.249633
0.249963
0.21361
0.264123
0.214256
0.26427
0.264931
0.265106
0.165388
0.265598
0.218088
0.268715
0.0210428
0.221454
0.223548
0.224112
0.27599
0.228426
0.231645
0.232245
0.232998
0.233409
0.233829
0.234132
0.284543
0.285341
0.235872
0.236073
0.286478
0.236635
0.237028
0.0880416
0.0883807
0.239431
0.240731
0.290968
0.241388
0.245759
0.296152
0.196815
0.263529
0.26732
0.117724
0.268706
0.26888
0.219081
0.0208012
0.170934
0.0213063
0.273254
0.223268
0.22349
0.27427
0.224511
0.274526
0.224796
0.274811
0.22581
0.0260647
0.0263287
0.0264937
0.276686
0.0268688
0.0270608
0.0272618
0.227619
0.0281769
0.228342
0.228525
0.228945
0.280236
0.0304822
0.0307642
0.0310012
0.0312202
0.231439
0.0327913
0.232938
0.0332114
0.233394
0.233667
0.233814
0.234552
0.234744
0.235311
0.28553
0.235917
0.2361
0.237339
0.238272
0.23898
0.240525
0.191872
0.242274
0.0926672
0.242961
0.243759
0.294755
0.246048
0.246387
0.248382
0.29901
0.249646
0.106561
0.257011
0.258675
0.261828
0.111842
0.312195
0.313462
0.314667
0.214859
0.165376
0.265832
0.266252
0.316922
0.218225
0.218555
0.269047
0.270205
0.270469
0.220734
0.270908
0.222142
0.272316
0.223132
0.223756
0.223993
0.224185
0.225127
0.225547
0.275967
0.226324
0.226708
0.277038
0.180842
0.23128
0.2317
0.232057
0.232477
0.233537
0.233987
0.234215
0.184752
0.23528
0.238778
0.239198
0.23954
0.0897049
0.240008
0.292156
0.242549
0.292969
0.24428
0.24464
0.0950332
0.195189
0.195537
0.146011
0.246953
0.199695
0.25854
0.317017
0.267031
0.118912
0.119918
0.270549
0.170874
0.221535
0.221808
0.222133
0.272147
0.273647
0.274594
0.324945
0.225284
0.225479
0.275635
0.276719
0.226956
0.227211
0.027997
0.028252
0.028435
0.028699
0.028963
0.229218
0.279611
0.279927
0.229941
0.0301182
0.230301
0.0306853
0.230877
0.281037
0.231051
0.281447
0.0318774
0.0322974
0.0324984
0.0326724
0.0328464
0.0336315
0.233806
0.284202
0.234203
0.0345406
0.234814
0.235051
0.235252
0.235982
0.236192
0.037053
0.2372
0.237482
0.237887
0.238061
0.238235
0.238574
0.24128
0.0933383
0.24365
0.244061
0.245318
0.195829
0.0963566
0.296777
0.247125
0.0974817
0.248784
0.199141
0.299507
0.249927
0.254617
0.155693
0.162647
0.212812
0.263196
0.213647
0.213821
0.114606
0.214999
0.315423
0.215579
0.216413
0.268576
0.269587
0.220907
0.3213
0.22217
0.222671
0.274054
0.224522
0.224705
0.225629
0.226418
0.226832
0.277087
0.230765
0.231159
0.231516
0.181993
0.232359
0.232551
0.234222
0.236676
0.287141
0.238758
0.23916
0.239841
0.240828
0.241248
0.242244
0.242664
0.243768
0.244155
0.294392
0.245604
0.197698
0.248874
0.249393
0.249804
0.262671
0.113563
0.264865
0.116554
0.116782
0.167331
0.267473
0.31782
0.267985
0.218154
0.318155
0.268168
0.169266
0.269515
0.120418
0.170736
0.271108
0.121402
0.0226501
0.0231542
0.0238883
0.0243203
0.0245664
0.0247764
0.0249774
0.0252414
0.225496
0.275679
0.0258895
0.0261265
0.0265375
0.0268105
0.0269846
0.0276056
0.0278606
0.228213
0.229044
0.232605
0.184402
0.235614
0.236298
0.236655
0.236919
0.237321
0.239282
0.239768
0.240062
0.24029
0.240518
0.240911
0.241322
0.242021
0.242423
0.242844
0.0933116
0.243495
0.243834
0.244236
0.24462
0.245638
0.246635
0.246791
0.196938
0.247313
0.24755
0.248688
0.099081
0.249345
0.249705
0.249852
0.260594
0.210608
0.260963
0.261809
0.261956
0.262936
0.263191
0.263548
0.213713
0.263887
0.164052
0.264199
0.216178
0.216481
0.217598
0.217745
0.218675
0.220894
0.171887
0.222316
0.222943
0.223336
0.224503
0.225271
0.227131
0.228793
0.22996
0.230308
0.232258
0.233425
0.233827
0.184283
0.235216
0.235627
0.237541
0.237907
0.23831
0.239072
0.0894646
0.240425
0.24098
0.241301
0.241604
0.243059
0.247079
0.19776
0.249962