RTT
0.0157097
0.0159827
0.0162647
0.0179119
0.0184309
0.018605
0.0204841
0.0208351
0.0232403
0.0235133
0.0236873
0.0261575
0.0263856
0.0265326
0.0267066
0.0276087
0.0278638
0.0280108
0.0286979
0.029675
0.0340571
0.0370342
0.0376283
0.0443503
0.0129278
0.16165
0.165481
0.0162163
0.166969
0.167389
0.175171
0.175934
0.178064
0.178475
0.179246
0.18134
0.182129
0.0879578
0.189305
0.0908769
0.192143
0.19286
0.19319
0.093721
0.193868
0.198608
0.0990642
0.206528
0.20696
0.207144
0.207798
0.212961
0.215235
0.092741
0.104759
0.162478
0.166777
0.167909
0.168932
0.170405
0.171005
0.176267
0.282951
0.0864757
0.0879488
0.0906998
0.191858
0.0927189
0.0945879
0.196664
0.197876
0.198332
0.198743
0.199622
0.199943
0.204386
0.206381
0.208154
0.161085
0.0156365
0.166678
0.21708
0.168319
0.1699
0.172516
0.179121
0.179937
0.180348
0.182595
0.0830691
0.183435
0.18462
0.187236
0.0884393
0.0899213
0.0903684
0.190698
0.14173
0.193203
0.199267
0.204324
0.209461
0.227062
0.235177
0.0875862
0.0927402
0.194564
0.0949753
0.1985
0.203724
0.105837
0.206926
0.208188
0.260288
0.21177
0.21378
0.264929
0.2166
0.219594
0.220887
0.17389
0.227307
0.228636
0.229355
0.231863
0.233741
0.189273
0.0898824
0.0926425
0.193602
0.0942115
0.0946315
0.195034
0.196579
0.198403
0.199723
0.205437
0.206783
0.207873
0.208038
0.208608
0.359445
0.210135
0.215743
0.217819
0.218896
0.222898
0.179025
0.229409
0.180729
0.281824
0.0852497
0.239045
0.190626
0.0924498
0.293221
0.193587
0.194448
0.096191
0.204642
0.104789
0.206085
0.207295
0.209675
0.210416
0.213213
0.313885
0.214485
0.21864
0.219474
0.220947
0.085892
0.186555
0.238532
0.0895282
0.195339
0.196299
0.197257
0.0975214
0.248139
0.248505
0.207104
0.262603
0.213671
0.215405
0.216032
0.316443
0.219059
0.230576
0.234128
0.235457
0.236246
0.237701
0.0893272
0.0919703
0.0928223
0.0948263
0.145984
0.246647
0.0989754
0.203793
0.206555
0.206885
0.257421
0.209394
0.210529
0.160694
0.214456
0.266514
0.216844
0.217795
0.220024
0.221722
0.272073
0.222466
0.222823
0.222988
0.223814
0.276151
0.234053
0.234464
0.0872781
0.237635
0.0886133
0.0889703
0.199443
0.156409
0.260741
0.311728
0.112148
0.114089
0.214545
0.215406
0.165763
0.21612
0.217755
0.220893
0.223869
0.224775
0.233781
0.234264
0.23688
0.0891182
0.240798
0.0915693
0.0924483
0.2942
0.0946654
0.245526
0.25619
0.256355
0.206628
0.208915
0.261045
0.211699
0.213127
0.213538
0.21394
0.26481
0.215221
0.26574
0.166115
0.216436
0.217036
0.167411
0.16874
0.17006
0.220652
0.221036
0.175731
0.226118
0.226319
0.176811
0.0802457
0.23063
0.235325
0.086471
0.0880701
0.189237
0.0901881
0.140941
0.191343
0.191718
0.192201
0.194403
0.194805
0.195135
0.196123
0.196687
0.199582
0.20548
0.255994
0.206324
0.263885
0.164395
0.215823
0.166792
0.167968
0.169117
0.119474
0.171775
0.329989
0.182677
0.184753
0.186793
0.187186
0.187697
0.0881705
0.0891036
0.0925746
0.0943627
0.195953
0.196256
0.0974049
0.198698
0.205994
0.206378
0.206891
0.207074
0.161377
0.411788
0.162424
0.162808
0.213472
0.163486
0.213655
0.164096
0.164279
0.166445
0.16763
0.168032
0.172412
0.173759
0.12417
0.182636
0.185819
0.086761
0.0874061
0.191292
0.0917931
0.192213
0.192534
0.0934492
0.0978022
0.0986812
0.203822
0.159056
0.20989
0.16103
0.169091
0.220447
0.0840609
0.184463
0.187115
0.18749
0.189845
0.090688
0.191981
0.0924101
0.192821
0.193232
0.195308
0.195656
0.198101
0.205131
0.205885
0.213888
0.2142
0.166735
0.01756
0.221706
0.172954
0.178261
0.0845042
0.0851852
0.0862713
0.18697
0.0872823
0.188287
0.189256
0.189946
0.0910974
0.191886
0.192738
0.195571
0.204403
0.159138
0.16062
0.21122
0.162504
0.215129
0.215639
0.219479
0.220943
0.176412
0.227966
0.229889
0.181137
0.184843
0.187261
0.189112
0.0896306
0.190618
0.0921207
0.192313
0.0929038
0.193918
0.194329
0.194677
0.195007
0.0956311
0.195895
0.196244
0.0967542
0.197141
0.197498
0.197846
0.198065
0.198809
0.155875
0.163042
0.169555
0.973521
0.923535
0.0872242
0.0896153
0.0901973
0.193797
0.0954501
0.197733
0.15515
0.21067
1.01102
1.06102
0.961037
1.0112
0.961201
1.06121
1.01146
0.911459
1.06147
1.01165
1.06166
0.961667
0.212498
0.21269
0.213803
0.0155552
0.166902
0.217592
0.22127
0.224993
0.22634
0.227588
0.227981
0.230012
0.0844645
0.136018
0.0880675
0.0895296
0.239713
0.0912397
0.142614
0.244114
0.196946
0.148824
0.200027
0.107293
0.20777
0.20825
0.258656
0.20867
0.209093
0.209357
0.209883
0.16003
0.210276
0.213708
0.216135
0.225888
0.234732
0.0871048
0.239874
0.0938469
0.094066
0.250112
0.258063
0.208606
0.108621
0.208861
0.209062
0.20929
0.212896
0.219445
0.169856
0.22051
0.222019
0.222601
0.223768
0.225376
0.231673
0.185684
0.236095
0.238774
0.240068
0.141181
0.0915376
0.241949
0.193521
0.148855
0.199356
0.249803
0.256639
0.206789
0.156804
0.162459
0.212978
0.215945
0.219623
0.220025
0.122146
0.222548
0.224822
0.230571
0.33388
0.236118
0.237501
0.238371
0.289502
0.240561
0.241818
0.197611
0.248858
0.203245
0.257462
0.208974
0.260339
0.211974
0.215074
0.215239
0.215731
0.217033
0.217543
0.168287
0.219643
0.222601
0.223039
0.223342
1.27375
0.275946
0.228445
0.279495
0.231796
0.183728
0.243428
0.244154
0.248309
0.256179
0.206194
0.206599
0.206809
0.207175
0.107415
0.15743
0.207616
0.20809
0.210913
0.211246
0.211483
0.212533
0.213466
0.217549
0.219022
0.219929
0.223904
0.224666
0.225275
0.229151
0.230732
0.181098
0.232229
0.233675
0.184743
0.18897
0.190605
0.090971
0.191607
0.192981
0.193779
0.19419
0.244748
0.194931
0.196341
0.246752
0.197181
0.197583
0.198057
0.0992784
0.20703
0.209887
0.210034
0.160778
0.212503
0.212896
0.217186
0.268596
0.219223
0.223846
0.176975
0.227701
0.183674
0.235372
0.237844
0.238661
0.189027
0.190986
0.142577
0.292841
0.243105
0.0952977
0.245664
0.246984
0.199843
0.20637
0.206607
0.207306
0.207717
0.208101
0.20869
0.20914
0.209471
0.210227
0.210509
0.210728
0.21122
0.212927
0.213275
0.213587
0.216428
0.217937
0.118366
0.173412
0.133831
0.0864382
0.0890632
0.190653
0.191082
0.243878
0.248195
0.250312
0.206832
0.257354
0.207519
0.208215
0.209104
0.209251
0.209881
0.210949
0.211829
0.212003
0.212186
0.262369
0.213347
0.213983
0.215267
0.215687
0.216116
0.216698
0.217101
0.218943
0.220047
0.224787
0.22671
0.179722
0.184147
0.235719
0.136319
0.18826
0.190201
0.241899
0.19231
0.20529
0.20578
0.205945
0.207913
0.208252
0.208627
0.110298
0.212461
0.212872
0.21385
0.214909
0.21631
0.217477
0.217897
0.220243
0.220825
0.229309
0.237019
0.187943
0.240091
0.240439
0.191606
0.192026
0.0943184
0.19751
0.24785
0.207433
0.257904
0.208141
0.208804
0.209032
0.159233
0.209407
0.209813
0.214508
0.215126
0.216518
0.217784
0.218906
0.222503
0.228791
0.230057
0.23064
0.234066
0.236934
0.208878
0.209944
0.16031
0.213547
0.265452
0.269427
0.224527
0.22492
0.22525
0.228272
0.232166
0.234674
0.235238
0.236576
0.28696
0.238253
0.0886368
0.291172
0.244139
0.195549
0.207421
0.307435
0.20796
0.257974
0.208142
0.258415
0.258812
0.208826
0.25925
0.259815
0.210358
0.210604
0.210769
0.211207
0.211618
0.213187
0.265857
0.216709
0.268407
0.219376
0.22354
0.276939
0.227494
0.228787
0.229409
0.279811
0.231059
0.284485
0.235958
0.241941
0.292271
0.247227
0.249789
0.150339
0.257249
0.257414
0.262182
0.214222
0.215983
0.217303
0.221512
0.222887
0.223685
0.224033
0.274417
0.225215
0.227579
0.227972
0.228392
0.228902
0.229358
0.229733
0.232502
0.234587
0.085466
0.237569
0.237935
0.238517
0.239279
0.242102
0.247175
0.249026
0.257414
0.257561
0.207834
0.214679
0.266458
0.21749
0.118738
0.219185
0.170721
0.171123
0.22166
0.27208
0.223823
0.17553
0.227912
0.228344
0.228509
0.179982
0.180384
0.181138
0.231504
0.231924
0.183388
0.235104
0.185704
0.236088
0.1864
0.18685
0.187015
0.188164
0.239925
0.390282
0.240675
0.241743
0.192712
0.243646
0.19391
0.394129
0.194486
0.0948884
0.196271
0.24779
0.249173
0.349503
0.203072
0.203906
0.20628
0.257705
0.207715
0.209039
0.209387
0.209708
0.260908
0.261652
0.21318
0.315517
0.266072
0.266462
0.166477
0.216699
0.217758
0.220185
0.272828
0.174949
0.177601
0.429542
0.182149
0.18463
0.185968
0.240735
0.291317
0.192565
0.194641
0.146096
0.298811
0.106262
0.256677
0.207124
0.208933
0.212044
0.213483
0.213975
0.215889
0.216219
0.217314
0.217716
0.223536
0.226053
0.231819
0.232491
0.232884
0.235932
0.386344
0.238609
0.139749
0.240592
0.24364
0.0964267
0.202857
0.255399
0.205546
0.20633
0.209229
0.214533
0.219372
0.221646
0.22384
0.224971
0.225706
0.226855
0.228409
0.231007
0.2314
0.233179
0.233737
0.233893
0.185258
0.238756
0.23905
0.23947
0.240601
0.191012
0.241963
0.193535
0.0945222
0.247939
0.198701
0.199409
0.205227
0.255838
0.106975
0.20768
0.208631
0.20927
0.210374
0.212351
0.214058
0.214682
0.1152
0.115356
0.217351
0.274251
0.175328
0.22573
0.176126
0.226363
0.226528
0.228577
0.231805
0.232612
0.236209
0.186539
0.187896
0.0887925
0.242876
0.294115
0.246641
0.268501
0.26872
0.220588
0.174273
0.224597
0.238521
0.188536
0.189562
0.241951
0.192125
0.292353
0.142617
0.242809
0.193175
0.243439
0.243671
0.193685
0.193943
0.244108
0.194381
1.94663
0.197392
0.198199
0.249214
0.249634
0.200165
0.200852
0.359908
2.01014
0.210328
0.210689
0.260703
0.210848
0.260862
0.211294
0.111549
0.211696
0.211969
0.262345
0.112591
0.212747
0.212975
0.213158
0.217558
0.217879
0.31946
0.2206
0.174305
0.275031
0.277395
0.279219
0.179669
0.279843
0.183908
0.185282
0.186206
0.236617
0.292356
0.192776
0.19415
0.198495
0.211039
0.161053
0.211311
0.11196
0.211974
0.312182
0.212196
0.212592
0.212735
0.162749
0.213104
0.213269
0.213735
0.165114
0.215525
0.165762
0.0166348
0.167037
0.0185749
0.219463
0.219883
0.221515
0.221908
0.323992
0.0246662
0.0251342
0.127714
0.32889
0.13248
0.134223
0.234652
0.136568
0.336979
0.239082
0.189664
0.0906695
0.142022
0.142205
0.143075
0.0934796
0.245541
0.145814
0.146087
0.146333
0.197331
0.24893
0.149581
0.199992
0.352877
0.157359
0.208182
0.208744
0.358954
0.209119
0.209479
0.259494
0.160331
0.210532
0.210751
0.210979
0.211252
0.111489
0.21169
0.211855
0.212421
0.212568
0.213188
0.163797
0.16407
0.164235
0.165926
0.216598
0.168989
0.170296
0.22338
0.0827281
0.0838682
0.0860432
0.18829
0.0886923
0.239526
0.0905764
0.140978
0.0915094
0.191804
0.192041
0.0924606
0.0932137
0.193562
0.0946927
0.245176
0.1958
0.0960368
0.146193
0.246631
0.0986169
0.0990099
0.199583
0.207045
0.111096
0.211306
0.262703
0.213033
0.213189
0.213582
0.213819
0.214029
0.114293
0.164915
0.115245
0.115527
0.216058
0.116286
0.216443
0.116893
0.217527
0.0180397
0.218304
0.218523
0.21897
0.11964
0.169859
0.124659
0.175538
0.22612
0.126954
0.127341
0.227752
0.0319371
0.182717
0.183695
0.0340702
0.234931
0.185324
0.0857443
0.18611
0.237736
0.239434
0.0405384
2.24166
0.145176
0.0970635
0.197735
0.198093
0.198459
0.0536705
0.206677
0.206833
0.208371
0.208572
0.208827
0.209473
0.209848
0.210361
0.210748
0.211214
0.211958
0.11623
0.166605
0.219248
0.222687
0.173044
0.22908
0.131777
0.183259
0.183643
0.18436
0.234708
0.1852
0.18562
0.0870753
0.18781
0.0886084
0.188983
0.0893765
0.0899495
0.0928896
0.0942006
0.195323
0.0956797
0.196091
0.0968168
0.197267
0.197432
0.297606
0.197834
0.098254
0.09841
0.113058
0.113406
0.213727
0.0142492
0.0161524
0.0190736
0.0193376
0.0207407
0.171161
0.1742
0.025252
0.175573
0.0266431
0.12853
0.181038
0.13289
0.233136
0.133382
0.184315
0.186103
0.186766
0.238257
0.191926
0.0926704
0.193129
0.19334
0.143931
0.144531
0.19676
0.148044
0.198437
0.198758
0.199529
0.204009
0.204165
0.154954
0.258373
0.208574
0.208748
0.16058
0.211231
0.162464
0.167543
0.167864
0.219706
0.220072
0.170906
0.175852
0.233994
0.184405
0.184744
0.0856231
0.0859712
0.186967
0.188071
0.0891123
0.0895143
0.190249
0.0906604
0.191071
0.0914734
0.0937655
0.194933
0.0955595
0.24688
0.0998196
0.212636
0.214288
0.215121
0.165385
0.215604
0.117111
0.217861
0.0184945
0.0197005
0.0203305
0.120541
0.170769
0.320925
0.0224569
0.172796
0.023333
0.273717
0.22411
0.275052
0.0261082
0.0272964
0.227479
0.277635
0.177783
0.228131
0.0290476
0.0304687
0.181312
0.181795
0.233457
0.137009
0.187645
0.138245
0.18889
0.189274
0.190207
0.140627
0.140957
0.19135
0.0916531
0.192028
0.193438
0.194866
0.145241
0.195562
0.196448
0.146703
0.197114
0.206621
0.157415
0.207998
0.208409
0.208682
0.0589191
0.159075
0.209303
0.209522
0.209741
0.211274
0.16236
0.162969
0.16419
0.218543
0.21926
0.222569
0.172972
0.173617
0.182239
0.18265
0.187165
0.188881
0.189283
0.189814
0.189979
0.0949353
0.0959494
0.0971704
0.0983645
0.0134728
0.0148389
0.0150939
0.115349
0.215724
0.165979
0.116336
0.216732
0.0170981
0.0172451
0.218621
0.268634
0.118994
0.169489
0.0203414
0.17056
0.0213855
0.0217785
0.122676
0.123674
0.0239377
0.0244597
0.176326
0.226656
0.177004
0.177721
0.031167
0.18372
0.189768
0.0399781
0.190281
0.190872
0.142264
0.194052
0.194643
0.195165
0.195438
0.197496
0.248045
0.148219
0.198567
0.198951
0.149344
0.200345
0.207528
0.257729
0.210171
0.162643
0.163792
0.215148
0.215883
0.218634
0.269801
0.17095
0.224367
0.227479
0.227881
0.280481
0.233448
0.18835
0.24219
0.242871
0.19321
0.0937382
0.0975963
0.0979803
0.210808
0.111327
0.211702
0.211849
0.0120144
0.0140336
0.214656
0.0148026
0.0150577
0.215241
0.215754
0.0163029
0.0164499
0.216606
0.017206
0.017746
0.218103
0.0194381
0.0197952
0.0223182
0.122702
0.123428
0.223767
0.224259
0.227469
0.179671
0.231135
0.135336
0.185981
0.0892446
0.240619
0.191042
0.241225
0.191735
0.0932168
0.244402
0.195389
0.195728
0.249955
0.205741
0.158244
0.2084
0.20978
0.259795
0.210089
0.21029
0.21072
0.210867
0.111032
0.211269
0.211788
0.161998
0.21219
0.212355
0.212574
0.212838
0.213297
0.163699
0.213846
0.214065
0.214212
0.214413
0.114623
0.2665
0.217706
0.217943
0.219587
0.21998
0.176439
0.083412
0.186316
0.138041
0.244527
0.245694
0.0961142
0.19765
0.198052
0.0987153
0.210841
0.110856
0.211015
0.211522
0.212009
0.112805
0.21313
0.0135044
0.21459
0.215071
0.115086
0.0154636
0.0161276
0.216449
0.0175278
0.218089
0.118396
0.219209
0.019783
0.02002
0.220203
0.220596
0.221208
0.0214362
0.0216912
0.0218833
0.322057
0.172459
0.222606
0.0228794
0.0230895
0.173245
0.176015
0.136002
0.236683
0.242692
0.194174
0.145962
0.196526
0.197378
0.199148
0.199577
0.149988
0.206285
0.156793
0.207354
0.257831
0.208393
0.208832
0.259162
0.159309
0.209573
0.20981
0.211364
0.211733
0.21197
0.213416
0.167283
0.221366
0.174864
0.175302
0.225695
0.176952
0.235056
0.0863581
0.0877771
0.19015
0.0905071
0.190909
0.242697
0.295601
0.0965884
0.112911
0.0134045
0.214069
0.0142726
0.114693
0.215089
0.215308
0.265647
0.265857
0.216411
0.216567
0.216759
0.217392
0.217638
0.0181721
0.218583
0.219078
0.219705
0.0198793
0.22039
0.320391
0.120404
0.0206354
0.0208004
0.0209924
0.171521
0.0220165
0.222376
0.123091
0.0234836
0.223703
0.17388
0.22454
0.224795
0.224987
0.0251429
0.0253079
0.176511
0.279595
0.179943
0.131614
0.189639
0.191103
0.141415
0.147982
0.148897
0.204124
0.205471
0.206353
0.206692
0.107227
0.207779
0.208181
0.208796
0.208943
0.213641
0.214061
0.214634
0.215549
0.217634
0.22115
0.221561
0.221963
0.222446
0.223532
0.175779
0.226253
0.22688
0.131773
0.187159
0.2382
0.189763
0.193189
0.0955352
0.0968282
0.111645
0.212904
0.0135184
0.264019
0.214029
0.264183
0.114197
0.214366
0.214522
0.215074
0.265453
0.215851
0.0166909
0.0170969
0.017244
0.017481
0.017784
0.217976
0.218159
0.218324
0.218516
0.0189002
0.0191462
0.0195302
0.0197492
0.0199503
0.220337
0.222266
0.12598
0.12658
0.227603
0.228023
0.231332
0.231717
0.0841076
0.235518
0.135902
0.0375996
0.193285
0.194191
0.194638
0.145301
0.195721
0.246222
0.196903
0.249096
0.206912
0.207059
0.20739
0.207756
0.208011
0.208176
0.209556
0.2103
0.211503
0.211842
0.163648
0.21405
0.214362
0.215781
0.21738
0.219681
0.220158
0.220377
0.222327
0.226833
0.227541
0.189226
0.0919231
0.243495
0.195544
0.260972
0.212153
0.213424
0.0135832
0.0137572
0.0152154
0.0153984
0.215635
0.215876
0.11589
0.216098
0.266428
0.116656
0.21683
0.117209
0.217482
0.217764
0.0180189
0.0181659
0.118571
0.218586
0.0188619
0.0190629
0.219336
0.219501
0.019849
0.0200321
0.0202691
0.220788
0.121181
0.221454
0.222855
0.227061
0.127445
0.228144
0.231867
0.232269
0.236298
0.188302
0.188948
0.0895025
0.240274
0.140865
0.191645
0.192146
0.243173
0.193686
0.193923
0.19761
0.198075
0.148594
0.149005
0.199875
0.205549
0.255563
0.15611
0.207144
0.207969
0.208518
0.209761
0.209971
0.26019
0.211825
0.212365
0.212539
0.112896
0.164522
0.216814
0.218638
0.220264
0.221404
0.221815
0.17381
0.22621
0.128745
0.229957
0.282258
0.234037
0.0872022
0.091608
0.0973111
0.0984241
0.24978
0.161639
0.213836
0.263978
0.213992
0.214374
0.114388
0.11461
0.214752
0.215667
0.0160627
0.0162817
0.0165187
0.0167467
0.0177128
0.0179318
0.218235
0.0183999
0.0188119
0.219366
0.019522
0.019732
0.01996
0.220107
0.220353
0.220563
0.220737
0.220974
0.0213672
0.221787
0.223008
0.227631
0.228006
0.228705
0.129449
0.183721
0.141449
0.0919775
0.142803
0.244852
0.196703
0.14841
0.199802
0.307749
0.208394
0.208596
0.208953
0.209319
0.209556
0.209802
0.210039
0.160249
0.160495
0.210714
0.211506
0.211707
0.211953
0.212181
0.112943
0.213786
0.214188
0.214716
0.227574
0.278012
0.178738
0.236241
0.236643
0.238683
0.0892745
0.241711
0.192257
0.193028
0.094035
0.0952111
0.0968911
0.197977
0.248946
0.263097
0.213245
0.213638
0.213806
0.214286
0.314301
0.214728
0.115253
0.215691
0.215865
0.216708
0.217038
0.0175579
0.217942
0.01846
0.01867
0.218835
0.0192101
0.219567
0.219714
0.0200172
0.0201912
0.170374
0.220986
0.0214973
0.221698
0.221863
0.172019
0.222293
0.0228295
0.223085
0.223268
0.0234416
0.0236877
0.274108
0.176261
0.0268758
0.127314
0.179075
0.0321379
0.143304
0.195128
0.199247
0.204458
0.154605
0.204752
0.156108
0.206451
0.206763
0.208579
0.208861
0.209035
0.209365
0.210392
0.210593
0.210995
0.211223
0.211562
0.212102
0.212258
0.212723
0.166389
0.124729
0.228668
0.229034
0.180615
0.0813595
0.234606
0.186097
0.237417
0.237828
0.190273
0.240585
0.0928408
0.09918
0.113252
0.213266
0.213927
0.113941
0.214122
0.114136
0.214281
0.214682
0.214847
0.216255
0.116402
0.216598
0.0170257
0.21729
0.0178298
0.0179858
0.0183248
0.0185618
0.0187898
0.0191918
0.0193479
0.0195759
0.0199239
0.0201519
0.2205
0.220884
0.221286
0.221442
0.222753
0.175387
0.178597
0.0324012
0.185305
0.237723
0.238827
0.239247
0.139658
0.240285
0.195673
0.147794
0.248106
0.206202
0.208238
0.208475
0.208676
0.208904
0.209315
0.209597
0.210261
0.210847
0.21103
0.211186
0.21145
0.211624
0.212071
0.162671
0.214681
0.215903
0.216305
0.222233
0.22304
0.225296
0.226112
0.227441
0.178203
0.178749
0.231932
0.18255
0.183195
0.08816
0.23939
0.191484
0.193506
0.0939082
0.0955703
0.196935
0.19731
0.197712
0.257134
0.011491
0.212044
0.212401
0.213377
0.214487
0.114643
0.214898
0.315166
0.21518
0.0156514
0.0164614
0.116671
0.216894
0.217425
0.217581
0.0197089
0.0199189
0.0201829
0.020429
0.020666
0.0208704
0.120885
0.021062
0.021254
0.171419
0.222208
0.0224451
0.172718
0.222919
0.323879
0.174035
0.22441
0.226837
0.129804
0.0318713
0.0822734
0.233935
0.184742
0.135316
0.187185
0.137992
0.241733
0.193179
0.19359
0.144172
0.195141
0.196227
0.197565
0.197976
0.198549
0.199563
0.199956
0.200371
0.204928
0.20642
0.207222
0.207378
0.208143
0.208291
0.208684
0.208921
0.209305
0.209542
0.209743
0.210697
0.111378
0.213508
0.214387
0.214879
0.166262
0.568752
0.181934
0.185396
0.0889483
0.189773
0.0903913
0.193016
0.0933734
0.0946574
0.196238
0.19781
0.198905
0.199749
0.208662
0.20988
0.211381
0.211849
0.212383
0.212651
0.0134941
0.0140522
0.0143252
0.0149052
0.0150612
0.215496
0.165682
0.21658
0.216808
0.0172455
0.16796
0.218104
0.168119
0.218653
0.0188448
0.0190008
0.219353
0.219509
0.0196649
0.0203729
0.170601
0.020847
0.17103
0.221423
0.173445
0.174477
0.176208
0.130615
0.233789
0.188214
0.18867
0.190404
0.0915895
0.142243
0.192583
0.193243
0.193408
0.193774
0.19393
0.194584
0.195211
0.195577
0.145988
0.203485
0.20679
0.207093
0.158186
0.208369
0.20857
0.20931
0.209466
0.210158
0.21059
0.0131426
0.168072
0.171291
0.122656
0.175398
0.179535
0.184869
0.0884389
0.188787
0.0891963
0.18921
0.190641
0.092663
0.193197
0.193438
0.0934522
0.19383
0.19425
0.195327
0.195729
0.196131
0.197163
0.197556
0.197977
0.198559
0.198979
0.208041
0.211522
0.212026
0.212437
0.213202
0.165249
0.0154055
0.0160265
0.0165756
0.0167856
0.116951
0.0171246
0.117366
0.0178117
0.0185588
0.0188318
0.0190868
0.0192879
0.169819
0.119984
0.170524
0.0207429
0.177049
0.180601
0.135611
0.187462
0.19132
0.141794
0.193924
0.194263
0.194674
0.196147
0.198862
0.200164
0.20892
0.109103
0.209313
0.209697
0.210117
0.160318
0.210858
0.211032
0.211242
0.211452
0.211618
0.21181
0.211957
0.212194
0.212662
0.217432
0.218995
0.120828
0.176657
0.178184
0.178586
0.179375
0.086176
0.1889
0.192677
0.0952301
0.0955872
0.196745
0.198011
0.0993132
0.204559
0.207218
0.211108
0.212339
0.214238
0.214782
0.215352
0.215858
0.116272
0.216642
0.216963
0.217209
0.117365
0.017804
0.218014
0.0183621
0.0185901
0.0187641
0.0189831
0.219193
0.0194122
0.219769
0.0200512
0.0203632
0.220546
0.0207683
0.221179
0.171701
0.0224515
0.122863
0.123028
0.0231746
0.173793
0.174213
0.226532
0.0271138
0.0289108
0.182193
0.186348
0.189864
0.190707
0.191073
0.0917719
0.142165
0.142846
0.193275
0.194226
0.194646
0.19674
0.197794
0.198118
0.198686
0.0989232
0.199343
0.149817
0.1029
0.153639
0.207361
0.207562
0.207865
0.208075
0.208267
0.208579
0.208798
0.209062
0.217216
0.217582
0.22342
0.176729
0.178301
0.182007
0.0851266
0.185952
0.0903766
0.0913727
0.191703
0.0926987
0.0934878
0.1938
0.144778
0.19581
0.196221
0.198198
0.211572
0.211902
0.214293
0.0145755
0.0148035
0.0152085
0.0154635
0.0157005
0.215902
0.0160936
0.0165256
0.0182839
0.0185209
0.0187939
0.0189859
0.219544
0.219955
0.220219
0.220456
0.222289
0.173192
0.223567
0.225517
0.227035
0.127383
0.177767
0.228395
0.179112
0.180261
0.233651
0.184224
0.186201
0.187449
0.189498
0.191682
0.192759
0.143179
0.0965148
0.0976909
0.14992
0.15711
0.207257
0.207809
0.207983
0.209489
0.210432
0.210807
0.211848
0.212205
0.212832
0.213492
0.213684
0.21393
0.215547
0.22044
0.172732
0.123071
0.174778
0.228411
0.229326
0.0851192
0.191938
0.0935013
0.0986014
0.199201
0.0995224
0.207781
0.0140992
0.0143362
0.0150773
0.115468
0.115914
0.21607
0.216272
0.216593
0.217151
0.0187538
0.0191108
0.0193118
0.0195039
0.0197589
0.119933
0.220143
0.0202989
0.0205719
0.020719
0.221514
0.22176
0.226158
0.0299801
0.230868
0.231819
0.134678
0.235044
0.135464
0.188171
0.23839
0.188672
0.240379
0.241079
0.144001
0.195222
0.196416
0.256605
0.20662
0.206824
0.207235
0.258198
0.209092
0.16241
0.214108
0.214555
0.215344
0.266241
0.217264
0.16763
0.218933
0.21929
0.219527
0.219729
0.221544
0.22209
0.22245
0.222843
0.273062
0.276407
0.231255
0.18352
0.185857
0.237843
0.23973
0.242562
0.0929011
0.0955622
0.196477
0.209472
0.212701
0.0140196
0.214152
0.214515
0.264845
0.114977
0.214992
0.115406
0.0156069
0.016333
0.016744
0.216891
0.217038
0.21775
0.218023
0.218197
0.0186082
0.119028
0.219269
0.169283
0.219589
0.0197363
0.0200483
0.270181
0.220195
0.0208763
0.0211043
0.0213054
0.17147
0.221644
0.171836
0.222073
0.222248
0.0235546
0.223783
0.177011
0.229357
0.181163
0.181565
0.282219
0.182693
0.183077
0.184964
0.188525
0.0389181
0.140499
0.241405
0.142176
0.0430102
0.144123
0.144462
0.197483
0.199208
0.20653
0.207319
0.207667
0.208018
0.20821
0.208522
0.208999
0.209505
0.259519
0.209777
0.210294
0.210531
0.160795
0.211731
0.212475
0.213031
0.213526
0.213937
0.214183
0.219418
0.16982
0.174146
0.179057
0.182141
0.188645
0.0923139
0.193157
0.194144
0.195248
0.099862
0.111087
0.211435
0.111896
0.214591
0.214786
0.015497
0.015698
0.015908
0.216241
0.216625
0.216889
0.0174112
0.217822
0.2183
0.218693
0.0192964
0.0194704
0.0197344
0.219926
0.0200915
0.0203735
0.220739
0.221061
0.0212976
0.0214896
0.222849
0.228084
0.229278
0.180319
0.231918
0.0352898
0.137222
0.190315
0.194272
0.207577
0.107733
0.207925
0.158318
0.208867
0.110458
0.21086
0.162933
0.213089
0.213458
0.16374
0.214619
0.215453
0.216314
0.216707
0.117577
0.218375
0.219362
0.220745
0.222362
0.225572
0.226676
0.227015
0.227426
0.228341
0.229076
0.229487
0.231617
0.232208
0.234636
0.185083
0.236493
0.23748
0.0887996
0.240093
0.19639
0.0127819
0.0129919
0.0133489
0.0137419
0.163898
0.11425
0.214264
0.214468
0.214624
0.114834
0.215107
0.0153533
0.0155993
0.0160103
0.0161753
0.0164213
0.217084
0.118301
0.218484
0.218649
0.0188235
0.0190155
0.219346
0.219784
0.220888
0.122181
0.222637
0.223021
0.223801
0.224194
0.174812
0.225412
0.025868
0.126201
0.226357
0.227632
0.178655
0.229141
0.229324
0.22969
0.0337193
0.0841573
0.185216
0.186059
0.0864375
0.136665
0.187896
0.239423
0.0906706
0.241145
0.19233
0.193056
0.24425
0.145777
0.146719
0.207253
0.159404
0.209743
0.211036
0.212774
0.21317
0.213425
0.213791
0.214338
0.214749
0.215466
0.216192
0.21816
0.218508
0.219342
0.219753
0.220695
0.172672
0.223866
0.177472
0.231411
0.237735
0.188344
0.189412
0.0900662
0.193339
0.0979172
0.199219
0.108489
0.208498
0.209929
0.210427
0.210962
0.211274
0.211754
0.213424
0.0138786
0.0140526
0.0144366
0.0147756
0.0151506
0.215694
0.0163298
0.217348
0.21859
0.019001
0.119256
0.019658
0.219877
0.22035
0.0204971
0.220725
0.221136
0.2214
0.0215742
0.0218023
0.172075
0.172339
0.17284
0.223287
0.224392
0.224803
0.175862
0.182546
0.132966
0.134601
0.1889
0.0892838
0.13983
0.190781
0.19121
0.191909
0.143211
0.206482
0.20722
0.209485
0.211642
0.212026
0.212446
0.214639
0.216581
0.217235
0.217916
0.221288
0.222878
0.224414
0.224753
0.175065
0.177483
0.228299
0.178728
0.229058
0.130207
0.091688
0.243764
0.194166
0.0950811
0.195492
0.195984
0.246566
0.206226
0.21114
0.211314
0.212651
0.213322
0.114776
0.214941
0.215673
0.0159007
0.0160837
0.0163207
0.0167138
0.0169418
0.0173168
0.217737
0.117893
0.0182589
0.218478
0.01876
0.019108
0.219653
0.220001
0.220148
0.220709
0.0210662
0.0212583
0.221579
0.0219364
0.122844
0.0245391
0.231619
0.233236
0.0839441
0.236848
0.137457
0.0395422
0.205552
0.258793
0.208806
0.209175
0.209505
0.209724
0.210144
0.210712
0.160923
0.211169
0.211397
0.21158
0.21179
0.163212
0.214964
0.216851
0.21782
0.219671
0.221369
0.27322
0.223775
0.224105
0.229853
0.232622
0.133096
0.233507
0.234053
0.241988
0.242984
0.244385
0.0962723
0.0966864
0.246941
0.0983155
0.212707
0.213716
0.0138928
0.215306
0.215453
0.215654
0.116188
0.216203
0.116581
0.216755
0.216942
0.166956
0.217115
0.0173882
0.0175532
0.217709
0.217901
0.168213
0.218588
0.0187714
0.0189544
0.0193564
0.219557
0.219905
0.0207285
0.0210945
0.0213045
0.222031
0.222415
0.272598
0.17303
0.173231
0.22345
0.17366
0.0238968
0.0240618
0.0242179
0.225171
0.227598
0.228594
0.17941
0.23019
0.231726
0.183622
0.23919
0.240474
0.24291
0.243834
0.196927
0.197347
0.199081
0.199456
0.205471
0.106429
0.206603
0.307709
0.207724
0.208156
0.158348
0.208495
0.208927
0.159141
0.209155
0.159395
0.209623
0.210155
0.21032
0.212162
0.216548
0.166905
0.120709
0.221255
0.226131
0.179161
0.230895
0.234735
0.18871
0.241587
0.0919618
0.0932098
0.193792
0.195256
0.095595
0.097266
0.110929
0.211103
0.211611
0.212133
0.212298
0.212499
0.212788
0.214575
0.215094
0.21534
0.115577
0.0158317
0.0165367
0.0167468
0.0169388
0.0171578
0.217368
0.0176408
0.0181268
0.0184139
0.218756
0.219011
0.21923
0.0194761
0.0196231
0.0200431
0.220805
0.0217712
0.233053
0.13467
0.186539
0.239353
0.242257
0.242578
0.192917
0.143319
0.194909
0.195266
0.145686
0.196061
0.196466
0.196748
0.349518
0.207836
0.208499
0.208896
0.159061
0.209217
0.209373
0.20961
0.209967
0.210231
0.210495
0.210862
0.212161
0.0175097
0.218767
0.173318
0.224404
0.225193
0.175694
0.226033
0.226651
0.181013
0.231205
0.231469
0.281733
0.182117
0.0849583
0.187169
0.23749
0.0891704
0.0907605
0.0913335
0.192168
0.0931727
0.0953207
0.0971538
0.197493
0.197958
0.198495
0.249059
0.210845
0.211334
0.21191
0.21212
0.213822
0.214188
0.214353
0.0146561
0.0149021
0.0155442
0.0161143
0.0163783
0.0166603
0.267003
0.217017
0.0172124
0.217827
0.2181
0.0184045
0.169164
0.0193556
0.0197666
0.22004
0.220313
0.0205497
0.220769
0.175221
0.176064
0.176496
0.176733
0.229457
0.130518
0.182603
0.184202
0.186836
0.237499
0.191456
0.192983
0.193403
0.193769
0.0950353
0.195329
0.148642
0.199496
0.199733
0.199898
0.150221
0.205204
0.155865
0.206012
0.208845
0.209211
0.209746
0.21037
0.216416
0.2232
0.179794
0.231483
0.182263
0.234636
0.23547
0.185845
0.0869488
0.187342
0.0887608
0.142538
0.0929399
0.093495
0.095328
0.196468
0.197491
0.198784
0.0992042
0.209529
0.21036
0.0105462
0.111168
0.21131
0.0120364
0.0133935
0.0136966
0.263943
0.214162
0.264345
0.0147317
0.0149237
0.0151427
0.0157217
0.216683
0.0171078
0.0175128
0.0181339
0.118545
0.21871
0.019058
0.01925
0.169478
0.0206232
0.220806
0.123845
0.126932
0.177133
0.178138
0.178558
0.229491
0.280703
0.232408
0.233656
0.0851111
0.187043
0.2374
0.190115
0.0913902
0.141882
0.193589
0.194081
0.195759
0.195924
0.198387
0.198726
0.1573
0.257315
0.207888
0.208621
0.209294
0.209513
0.210081
0.260687
0.211164
0.212331
0.213147
0.167491
0.269756
0.27122
0.173252
0.223627
0.223975
0.274701
0.176813
0.177206
0.132999
0.185309
0.236746
0.0884078
0.0888189
0.191084
0.191522
0.192065
0.192212
0.192377
0.0927822
0.192938
0.24388
0.24511
0.198725
0.199145
0.0996824
0.214246
0.0148157
0.0150977
0.115296
0.215308
0.0156137
0.0158957
0.0161327
0.0163967
0.216652
0.216916
0.217108
0.217429
0.217585
0.218089
0.218245
0.0185181
0.0192021
0.169841
0.0211132
0.221314
0.0214973
0.171752
0.0219623
0.173075
0.174752
0.175784
0.177195
0.178317
0.278755
0.179499
0.183051
0.136941
0.08926
0.140787
0.191162
0.14178
0.193541
0.193973
0.194129
0.195368
0.196598
0.196964
0.156343
0.206856
0.206988
0.307003
0.208696
0.209695
0.210547
0.16094
0.214174
0.215413
0.116607
0.168143
0.219517
0.169892
0.180653
0.181883
0.182285
0.182705
0.185807
0.238203
0.0887486
0.189718
0.241605
0.0920067
0.0936957
0.0943678
0.19477
0.246657
0.197071
0.097227
0.197629
0.20573
0.212012
0.112231
0.215867
0.216254
0.216477
0.116824
0.217079
0.167556
0.0182261
0.0184631
0.0187091
0.0188831
0.219066
0.219258
0.0195912
0.0202582
0.17045
0.0205973
0.220939
0.17126
0.0214164
0.0215994
0.221915
0.171929
0.222415
0.172571
0.172965
0.173166
0.17343
0.174237
0.0270647
0.0277427
0.0278988
0.128274
0.183743
0.087937
0.138357
0.190253
0.143679
0.19614
0.196287
0.196653
0.197127
0.197655
0.198606
0.19899
0.199338
0.199749
0.205608
0.206207
0.207291
0.207693
0.207858
0.108041
0.208896
0.160255
0.16117
0.161617
0.162442
0.213537
0.114569
0.166087
0.174004
0.22492
0.13479
0.1871
0.19067
0.193646
0.0944078
0.19526
0.196499
0.196901
0.197834
0.198272
0.19871
0.199112
0.0995141
0.0119311
0.0131912
0.0134013
0.0136293
0.0141513
0.214397
0.11453
0.214544
0.114739
0.214895
0.215114
0.215677
0.215824
0.216145
0.216493
0.0173117
0.0177047
0.0178698
0.0180888
0.168611
0.0188839
0.119076
0.0193129
0.170498
0.17102
0.171275
0.171632
0.122043
0.0240651
0.174944
0.176732
0.178232
0.22858
0.17927
0.130518
0.182846
0.183374
0.18473
0.18551
0.13791
0.188484
0.188832
0.189533
0.0898446
0.191201
0.19343
0.193778
0.196718
0.198002
0.198422
0.199211
0.155014
0.208797
0.216762
0.117227
0.169052
0.176285
0.229567
0.0954756
0.195806
0.19673
0.199641
0.0999048
0.107141
0.208042
0.216193
0.116722
0.216736
0.117087
0.217369
0.217537
0.0179484
0.218489
0.218855
0.0193925
0.16975
0.0201815
0.0204635
0.0206735
0.0208386
0.220999
0.171013
0.0211897
0.221592
0.0217747
0.0219847
0.172249
0.0224498
0.222606
0.222753
0.0229179
0.17311
0.223266
0.223449
0.224365
0.224584
0.174803
0.225031
0.226225
0.226681
0.230206
0.186716
0.237874
0.189716
0.190127
0.094816
0.195209
0.145863
0.146481
0.148296
0.0993281
0.207081
0.207309
0.207749
0.207905
0.209652
0.209826
0.210672
0.210873
0.211284
0.211449
0.211881
0.212514
0.212907
0.213687
0.214242
0.216165
0.225855
0.2319
0.232293
0.184108
0.188974
0.0916805
0.0921365
0.0985865
0.199259
0.0999936
0.215388
0.0157394
0.0166855
0.0172525
0.0175465
0.0177655
0.0181316
0.0188667
0.119914
0.219929
0.220169
0.120565
0.22058
0.220994
0.221159
0.221423
0.221705
0.221924
0.122179
0.222536
0.22271
0.222884
0.223157
0.22343
0.0238501
0.224087
0.0243152
0.224579
0.224798
0.0249633
0.0253743
0.225638
0.225857
0.226232
0.226461
0.226743
0.176971
0.128885
0.229863
0.184756
0.185176
0.136154
0.0877528
0.0924389
0.19285
0.143279
0.194408
0.19481
0.195536
0.196505
0.198833
0.199379
0.199802
0.0499582
0.206837
0.207158
0.208167
0.208854
0.210235
0.211852
0.213505
0.216238
0.16799
0.218896
0.219319
0.219529
0.223892
0.224267
0.225227
0.227609
0.185967
0.237854
0.242018
0.192558
0.192723
0.193143
0.194868
0.099482
0.099884
0.0130021
0.0155435
0.115754
0.216021
0.116354
0.216369
0.2166
0.216792
0.0170377
0.117938
0.218103
0.0183488
0.0185408
0.0187239
0.0190899
0.0192819
0.0196749
0.0199569
0.220203
0.220515
0.021272
0.221428
0.171848
0.22213
0.122385
0.222622
0.225409
0.176513
0.179048
0.231286
0.231643
0.23344
0.133824
0.1842
0.2348
0.238649
0.239126
0.139501
0.0897107
0.241976
0.0945558
0.196083
0.199166
0.256157
0.156652
0.207009
0.207534
0.208772
0.20915
0.209642
0.160851
0.211343
0.213707
0.214046
0.216023
0.217676
0.21896
0.220361
0.221708
0.222776
0.225131
0.225506
0.179688
0.230243
0.182274
0.232679
0.232898
0.0865043
0.189453
0.19062
0.241904
0.142396
0.245742
0.196135
0.0964916
0.0970826
0.247476
0.21246
0.212766
0.214372
0.1146
0.214792
0.215095
0.115314
0.0155421
0.0173093
0.0175283
0.0176843
0.217957
0.0181674
0.0183324
0.0187014
0.218983
0.0191665
0.0193315
0.0200005
0.0202285
0.220439
0.22085
0.0210327
0.17139
0.121582
0.171846
0.226082
0.228248
0.228578
0.180141
0.231254
0.231971
0.18771
0.188121
0.138568
0.191949
0.193368
0.194004
0.0959721
0.196554
0.197604
0.198483
0.249892
0.102379
0.154373
0.205564
0.25673
0.157042
0.15885
0.259315
0.210263
0.210953
0.261982
0.212501
0.213065
0.214421
0.215795
0.217079
0.172656
0.223499
0.224621
0.175482
0.226712
0.228248
0.231179
0.232058
0.233612
0.185059
0.185461
0.240444
0.0927447
0.193471
0.294098
0.197209
0.0986008
0.19897
0.0992519
0.11167
0.0123119
0.012861
0.013098
0.0138391
0.0142081
0.0151712
0.0153362
0.215696
0.0159602
0.0163533
0.217058
0.217295
0.0175234
0.167805
0.217979
0.118154
0.218409
0.0185826
0.219528
0.21984
0.221358
0.221541
0.222166
0.172376
0.222532
0.223009
0.17321
0.22363
0.173885
0.174647
0.225418
0.226306
0.227905
0.230125
0.230518
0.0828104
0.188891
0.19185
0.0950416
0.198549
0.150049
0.206801
0.10763
0.207813
0.207997
0.158189
0.20852
0.209018
0.209429
0.21221
0.162612
0.212933
0.213803
0.164727
0.21512
0.217808
0.21893
0.220538
0.221327
0.221732
0.221996
0.124018
0.227147
0.228845
0.231047
0.0870384
0.242381
0.0933055
0.0939505
0.195829
0.0962215
0.0966326
0.0971696
0.0975536
0.199792
0.207666
0.111619
0.212093
0.0125048
0.21282
0.0131319
0.214047
0.0149802
0.0153643
0.215619
0.0157753
0.216142
0.216499
0.0166825
0.0170695
0.217502
0.0176666
0.0180596
0.0182876
0.0184346
0.218627
0.219185
0.21944
0.219641
0.219869
0.220298
0.222743
0.1731
0.224501
0.225389
0.0258001
0.22622
0.227621
0.178059
0.181098
0.18141
0.232649
0.184518
0.235874
0.236213
0.136957
0.237314
0.187995
0.190666
0.191113
0.143045
0.193438
0.193831
0.199984
0.208051
0.208234
0.158426
0.209303
0.210249
0.210651
0.210981
0.211338
0.212223
0.163414
0.214788
0.115163
0.220803
0.221394
0.221904
0.172306
0.226902
0.227412
0.228777
0.0853712
0.185773
0.186121
0.194056
0.194674
0.0951604
0.0953974
0.196447
0.210313
0.211115
0.212053
0.213025
0.21355
0.163565
0.213889
0.214072
0.214273
0.214483
0.21496
0.0156231
0.0159381
0.0161031
0.216313
0.0164962
0.217063
0.0175673
0.0179603
0.0181073
0.0182723
0.218432
0.0192894
0.16949
0.120321
0.0209456
0.0213476
0.122335
0.0230606
0.223472
0.0257547
0.175992
0.176583
0.227912
0.133795
0.189777
0.240218
0.140437
0.140638
0.140794
0.192114
0.243524
0.194718
0.196803
0.198222
0.205503
0.206379
0.107745
0.208103
0.208268
0.208415
0.208799
0.209433
0.209976
0.210942
0.211098
0.211509
0.0117821
0.212085
0.21225
0.216144
0.216559
0.218062
0.225637
0.226057
0.176415
0.22958
0.230396
0.198051
0.0984617
0.0992687
0.210132
0.211875
0.212205
0.0124239
0.213076
0.113928
0.0142971
0.0147091
0.214874
0.215481
0.0157182
0.0161062
0.217216
0.0173724
0.117528
0.0176844
0.0184735
0.0187015
0.0193886
0.0198266
0.0200816
0.220229
0.170991
0.221411
0.0243778
0.176328
0.177531
0.183045
0.236768
0.137314
0.095285
0.148459
0.107014
0.207829
0.164491
0.215532
0.172351
0.175849
0.178429
0.129785
0.182887
0.186376
0.187858
0.091104
0.193117
0.095688
0.096522
0.196942
0.0991531
0.104351
0.208321
0.110646
0.210793
0.213002
0.0135415
0.0136975
0.0144205
0.215137
0.165548
0.216531
0.216723
0.16696
0.217728
0.21813
0.218298
0.0187791
0.0199062
0.0201162
0.0202992
0.220665
0.22092
0.221103
0.0212504
0.0214784
0.0216434
0.0218444
0.222228
0.222466
0.222667
0.0246606
0.228591
0.236175
0.196963
0.206607
0.207304
0.207835
0.215285
0.226262
0.230318
0.180954
0.188043
0.240767
0.0926183
0.0939473
0.245735
0.0974424
0.248168
0.0989935
0.0138427
0.0142187
0.0146158
0.0150088
0.0153209
0.0155309
0.0159989
0.266539
0.216803
0.117058
0.267331
0.217634
0.267862
0.218135
0.268354
0.0186273
0.0188373
0.0192513
0.0194613
0.219716
0.171108
0.271492
0.272974
0.277174
0.177757
0.228654
0.179047
0.229863
0.330769
0.281963
0.183661
0.286808
0.287363
0.237837
0.238302
0.291071
0.19222
0.243144
0.293915
0.194335
0.0951962
0.247848
0.198388
0.248745
0.199129
0.249276
0.199804
0.206584
0.206758
0.207151
0.207316
0.207619
0.208327
0.208693
0.208996
0.209197
0.209991
0.210178
0.310192
0.210525
0.260807
0.211191
0.211575
0.261767
0.212142
0.212508
0.263609
0.213882
0.214074
0.168619
0.269309
0.170521
0.170941
0.27524
0.276569
0.276962
0.231432
0.186811
0.188878
0.089883
0.092283
0.094044
0.294464
0.296135
0.196546
0.0969572
0.197467
0.197797
0.199081
0.199672
0.211672
0.1121
0.21252
0.312808
0.113156
0.363321
0.213639
0.313654
0.214339
0.0146028
0.164981
0.0153678
0.216699
0.217185
0.0188762
0.0190412
0.0192513
0.219416
0.319966
0.220203
0.0204674
0.0213315
0.0215055
0.171671
0.0222406
0.0228436
0.223126
0.173327
0.223537
0.0238937
0.174278
0.17651
0.477533
0.17834
0.22894
0.2299
0.482327
0.23515
0.0855071
0.0364042
0.486734
0.187091
0.137961
0.188858
0.190259
0.240724
0.0910725
0.241529
0.192381
0.193276
0.343522
0.193855
0.194038
0.145358
0.195814
0.197224
0.197635
0.148262
0.299186
0.207454
0.158086
0.308323
0.158578
0.208746
0.258761
0.259157
0.209721
0.211545
0.218249
0.219209
0.223445
0.274198
0.127696
0.178584
0.178995
0.23126
0.184164
0.585781
0.188748
0.189474
0.189814
0.0906296
0.241221
0.0917486
0.594959
0.245586
0.0961138
0.598586
0.209015
0.0100255
0.210329
0.260337
0.21085
0.212088
0.26302
0.213185
0.113488
0.214175
0.564326
0.21434
0.564557
0.114571
0.115078
0.215399
0.21555
0.315564
0.0162914
0.0164475
0.0173176
0.217573
0.56775
0.0183346
0.0185716
0.618809
0.219322
0.0194867
0.0197598
0.0203568
0.0206388
0.220903
0.221086
0.121972
0.272512
0.0227399
0.623646
0.224078
0.224243
0.175293
0.177684
0.179049
0.229451
0.180708
0.182361
0.582655
0.0333273
0.584359
0.635733
0.188907
0.0906774
0.191574
0.142822
0.594034
0.195094
0.195397
0.246816
0.597731
0.19816
0.598535
0.199747
0.205062
0.207319
0.107569
0.207583
0.15809
0.208668
0.208923
0.209472
0.259869
0.209883
0.210132
0.210747
0.61102
0.611275
0.611467
0.212058
0.213528
0.213858
0.664215
0.614806
0.615325
0.170424
0.621348
0.123613
0.124429
0.174993
0.227231
0.179127
0.179889
0.682235
0.188181
0.0904735
0.690839
0.643267
0.247296
0.197941
0.0983426
0.199258
0.199681
0.200029
0.650435
0.661761
0.211776
0.212145
0.263871
0.214879
0.715221
0.715417
0.265431
0.215671
0.215845
0.116101
0.0168136
0.117006
0.0174077
0.217582
0.218695
0.0192349
0.0194269
0.219811
0.019994
0.020249
0.020504
0.020687
0.171053
0.021254
0.0215361
0.0217551
0.221947
0.0221121
0.222349
0.722724
0.674197
0.674662
0.225451
0.676102
0.231184
0.732153
0.184877
0.236575
0.188625
0.0389611
0.138976
0.0903346
0.0920236
0.244568
0.195375
0.246533
0.197043
0.247625
0.204239
0.155049
0.207492
0.207702
0.207894
0.208704
0.209226
0.209628
0.159802
0.210248
0.210449
0.160632
0.210779
0.211061
0.211409
0.211784
0.162462
0.117355
0.218612
0.220319
0.222829
0.173996
0.22654
0.226924
0.127578
0.22843
0.229165
0.181097
0.183588
0.236105
0.0902776
0.190662
0.191028
0.0922668
0.0955129
0.196122
0.197118
0.197538
0.199578
0.209537
0.211772
0.112319
0.212511
0.212907
0.113162
0.113546
0.0146834
0.0151925
0.216366
0.0167887
0.0169987
0.0172717
0.0174187
0.0176287
0.0180397
0.218472
0.218814
0.0190418
0.0193718
0.0195369
0.0197739
0.219921
0.220626
0.171586
0.022042
0.229956
0.236613
0.186997
0.187354
0.139394
0.192109
0.192493
0.142823
0.0441703
0.245337
0.146243
0.196636
0.247974
0.205305
0.205453
0.20673
0.207363
0.207564
0.258216
0.208751
0.209181
0.209364
0.209538
0.212199
0.21459
0.266522
0.216853
0.22009
0.220483
0.221893
0.223208
0.223925
0.224696
0.228734
0.229235
0.183894
0.286015
0.0876503
0.188979
0.0908124
0.0912325
0.192877
0.194197
0.196804
0.199105
0.206958
0.209072
0.109083
0.211771
0.212293
0.213245
0.214177
0.0150681
0.215767
0.215927
0.165941
0.0165202
0.0166942
0.0178074
0.0182184
0.0184914
0.0188754
0.0192775
0.219644
0.0198445
0.220127
0.220337
0.0205556
0.0207927
0.221132
0.221369
0.0216148
0.171972
0.222209
0.222473
0.122728
0.225416
0.180597
0.132907
0.184965
0.244718
0.146866
0.197421
0.204661
0.205098
0.207224
0.207906
0.208143
0.208638
0.209773
0.210151
0.210307
0.213631
0.214447
0.215506
0.219094
0.269505
0.172094
0.222469
0.226625
0.227
0.177807
0.182151
0.232679
0.233075
0.233294
0.184146
0.185088
0.185508
0.239969
0.0909474
0.0935184
0.194758
0.246231
0.249333
0.105331
0.211106
0.262357
0.264177
0.215562
0.215712
0.115727
0.215922
0.11615
0.0163601
0.217114
0.0172973
0.0175613
0.217739
0.0181764
0.0188455
0.219248
0.0194576
0.219845
0.120508
0.220727
0.0208918
0.0211558
0.221384
0.0216299
0.0219599
0.0222149
0.0224519
0.222716
0.223595
0.274384
0.12898
0.229373
0.179883
0.230987
0.233684
0.234005
0.187854
0.140875
0.191916
0.192318
0.145051
0.146713
0.147952
0.155572
0.20608
0.206584
0.206981
0.107552
0.208083
0.258668
0.209511
0.210702
0.211122
0.211516
0.2119
0.212563
0.212884
0.263277
0.213742
0.214144
0.214753
0.215119
0.215596
0.215962
0.216355
0.216592
0.117714
0.168287
0.218698
0.219901
0.220258
0.220795
0.222052
0.179457
0.231731
0.184734
0.18843
0.0906862
0.0942202
0.0962062
0.247256
0.0994403
0.209451
0.213763
0.214298
0.114798
0.21514
0.215296
0.0156198
0.0163818
0.0167298
0.0170028
0.0176328
0.0181909
0.168611
0.21883
0.219094
0.219313
0.219727
0.219964
0.0201472
0.220294
0.220459
0.120642
0.0208163
0.0209993
0.0215124
0.0221154
0.172271
0.222637
0.172875
0.0231955
0.173415
0.223679
0.223916
0.225614
0.232424
0.182844
0.184704
0.235898
0.1863
0.089429
0.189912
0.1908
0.193416
0.19398
0.144373
0.195666
0.196527
0.196839
0.20427
0.106823
0.157583
0.207748
0.209744
0.161241
0.211661
0.212027
0.213527
0.114847
0.215483
0.216245
0.216737
0.221297
0.171663
0.224153
0.22523
0.230489
0.183123
0.184209
0.238193
0.188577
0.0926963
0.193128
0.0934104
0.19401
0.146743
0.198549
0.0993385
0.0121306
0.0122776
0.0126976
0.0128806
0.0133007
0.113703
0.214135
0.114537
0.214888
0.215447
0.21572
0.166831
0.0169962
0.0174702
0.217626
0.0178003
0.218205
0.0189794
0.0192254
0.169734
0.21989
0.0203855
0.0205595
0.220917
0.221328
0.121574
0.221775
0.221922
0.222288
0.222507
0.223863
0.129314
0.230454
0.234006
0.090816
0.19129
0.141683
0.192079
0.0924721
0.242745
0.19312
0.19669
0.198487
0.256721
0.207164
0.208485
0.209593
0.210955
0.211393
0.211975
0.212887
0.213622
0.214456
0.215683
0.165986
0.218899
0.2266
0.176993
0.227404
0.177806
0.22846
0.228944
0.086111
0.192138
0.243395
0.194094
0.0944782
0.247544
0.0994583
0.213794
0.214199
0.114868
0.215123
0.115382
0.216123
0.216336
0.217905
0.218247
0.218724
0.219093
0.219312
0.219486
0.11987
0.0200892
0.0202362
0.0207943
0.0215083
0.0217273
0.171937
0.0221564
0.0225674
0.222831
0.0231134
0.0233774
0.0237884
0.224016
0.0241725
0.224356
0.174767
0.225022
0.0252676
0.226075
0.226561
0.276798
0.228622
0.230707
0.282702
0.184634
0.235765
0.187328
0.137739
0.138393
0.188732
0.140142
0.0914081
0.19172
0.194408
0.195017
0.0953923
0.197099
0.197519
0.107673
0.208213
0.158544
0.258754
0.208982
0.209315
0.209489
0.211295
0.212993
0.213539
0.164391
0.214784
0.21518
0.165363
0.220895
0.221288
0.221681
0.222597
0.123449
0.223923
0.124892
0.225663
0.131582
0.232002
0.232314
0.232986
0.186306
0.186852
0.191403
0.0927142
0.0966172
0.0980453
0.0992753
0.0118365
0.0129736
0.213688
0.0141276
0.21479
0.215204
0.115624
0.215837
0.165852
0.11602
0.21641
0.116425
0.216674
0.217343
0.217526
0.0184412
0.0186242
0.219185
0.219527
0.21987
0.169884
0.0204544
0.220601
0.171186
0.0213785
0.0215525
0.221937
0.0220836
0.0222396
0.0225126
0.222714
0.223503
0.229719
0.230364
0.231576
0.23196
0.182884
0.183421
0.184291
0.0880681
0.188398
0.192967
0.196258
0.14864
0.199519
0.199921
0.20681
0.157131
0.15751
0.207684
0.207958
0.208378
0.20878
0.209173
0.209374
0.209704
0.159959
0.210389
0.210683
0.211088
0.211289
0.120178
0.179913
0.184194
0.235766
0.091901
0.0946431
0.0951351
0.197013
0.0999353
0.206298
0.113794
0.214195
0.214757
0.215724
0.216282
0.216636
0.0178709
0.0182459
0.0187799
0.219035
0.2192
0.219432
0.169446
0.219641
0.119998
0.120163
0.220346
0.220529
0.0207121
0.0209851
0.0211772
0.0215252
0.0217117
0.121726
0.0219482
0.0221312
0.0225332
0.22305
0.123064
0.22379
0.223964
0.124522
0.224883
0.225138
0.225294
0.0259957
0.226161
0.226572
0.0267998
0.176983
0.127808
0.179191
0.180322
0.185728
0.144356
0.0947309
0.146897
0.197245
0.199114
0.199516
0.149945
0.205738
0.206041
0.206854
0.207019
0.20722
0.10791
0.208075
0.208613
0.209598
0.209754
0.210129
0.210393
0.210816
0.210972
0.211236
0.211713
0.211923
0.166081
0.220812
0.221305
0.174191
0.226537
0.228748
0.182507
0.0887138
0.191736
0.093038
0.213223
0.214114
0.21452
0.215024
0.215354
0.2156
0.115855
0.216038
0.0162747
0.0167248
0.0171448
0.0174268
0.217802
0.0181618
0.21851
0.0187469
0.0189479
0.0190949
0.219296
0.01956
0.019806
0.219962
0.220181
0.220445
0.2207
0.0213482
0.0215492
0.171831
0.0228003
0.17475
0.17571
0.176229
0.181689
0.182037
0.132458
0.132806
0.233208
0.184015
0.137396
0.237789
0.188902
0.19069
0.191029
0.19522
0.245622
0.196969
0.197758
0.19807
0.0985621
0.199189
0.205765
0.206852
0.207098
0.207299
0.207853
0.20854
0.159063
0.209571
0.159964
0.212253
0.213303
0.166225
0.166591
0.16927
0.171058
0.222486
0.223554
0.224883
0.228219
0.187009
0.187394
0.0886056
0.0898176
0.0915876
0.144334
0.196608
0.197568
0.0979882
0.211889
0.0131533
0.0138313
0.215752
0.115767
0.216061
0.216208
0.216382
0.216601
0.216907
0.217354
0.217555
0.217828
0.218453
0.0188359
0.0189829
0.019139
0.219541
0.019937
0.220093
0.220276
0.0206421
0.0208791
0.171152
0.0213982
0.0216712
0.0219442
0.172145
0.172418
0.177677
0.128124
0.180137
0.132276
0.0329664
0.184358
0.235904
0.186315
0.187662
0.188037
0.238457
0.188841
0.139261
0.189708
0.191298
0.193878
0.19509
0.195501
0.0459211
0.196278
0.197337
0.197865
0.198339
0.198717
0.200181
0.204727
0.204874
0.205699
0.207264
0.20742
0.207594
0.257936
0.221376
0.172714
0.179182
0.18421
0.186686
0.187097
0.190604
0.191285
0.191705
0.192062
0.0924495
0.0927226
0.19362
0.195027
0.195291
0.0959271
0.197391
0.198882
0.199401
0.199767
0.213442
0.11427
0.214528
0.215084
0.215271
0.116275
0.216674
0.217349
0.0175408
0.0178828
0.0181378
0.0183748
0.0186298
0.0188219
0.0189959
0.0192149
0.0194519
0.219653
0.01989
0.020136
0.172905
0.227051
0.0273991
0.184254
0.184656
0.18558
0.0864052
0.237419
0.187839
0.0894743
0.190668
0.192843
0.194154
0.197004
0.147455
0.197665
0.198229
0.198595
0.199519
0.204572
0.2064
0.206712
0.107105
0.207683
0.208947
0.159367
0.159715
0.216022
0.220465
0.221371
0.17288
0.224362
0.180488
0.180827
0.134829
0.18605
0.236749
0.187412
0.238012
0.240421
0.241642
0.191954
0.197316
0.197799
0.248165
0.00908086
0.111479
0.0125802
0.113773
0.263787
0.214045
0.264241
0.114255
0.21445
0.214679
0.214862
0.215117
0.215594
0.215777
0.0161517
0.0172418
0.0174788
0.0177159
0.0180819
0.0184929
0.268841
0.168991
0.019384
0.0202241
0.0204161
0.121916
0.223461
0.226212
0.176632
0.177142
0.22839
0.229017
0.129959
0.231549
0.232437
0.0874384
0.187822
0.188702
0.189086
0.189533
0.240097
0.192632
0.243322
0.195047
0.198104
0.199712
0.205154
0.207352
0.157728
0.107911
0.208103
0.208331
0.208523
0.208907
0.209273
0.209483
0.260005
0.210375
0.210945
0.161155
0.211365
0.217017
0.118697
0.219072
0.170086
0.179326
0.180718
0.232803
0.234771
0.0882694
0.288653
0.0900726
0.192239
0.0933196
0.0938657
0.195105
0.0986387
0.199626
0.20867
0.209812
0.0118471
0.213666
0.213813
0.114116
0.0146985
0.0149625
0.0151725
0.0153555
0.215503
0.215731
0.215986
0.216151
0.216406
0.0165707
0.0173777
0.217615
0.217852
0.0183708
0.218704
0.0192439
0.219445
0.0197269
0.22
0.220174
0.220585
0.0209601
0.0211161
0.221389
0.221989
0.172661
0.224152
0.125229
0.225712
0.17723
0.141835
0.192246
0.192972
0.194004
0.198105
0.249677
0.206999
0.207648
0.207867
0.208278
0.208452
0.208662
0.158908
0.209274
0.210217
0.210742
0.210997
0.211144
0.211555
0.16293
0.213314
0.163479
0.213671
0.213899
0.214064
0.214421
0.215102
0.217304
0.218354
0.17043
0.171687
0.186579
0.0873233
0.0932424
0.0969114
0.0994464
0.110276
0.211075
0.211252
0.211912
0.212228
0.213771
0.214027
0.215056
0.0152236
0.0153796
0.116049
0.216419
0.217124
0.0175229
0.0185289
0.0187119
0.219646
0.020069
0.220315
0.0205431
0.0209001
0.221047
0.0212392
0.221404
0.221944
0.0221273
0.222337
0.22252
0.222841
0.0231144
0.223387
0.225806
0.0268136
0.0276086
0.179838
0.232175
0.182649
0.0830418
0.183465
0.133702
0.0883159
0.238934
0.13939
0.0949849
0.196098
0.196905
0.297343
0.148447
0.15499
0.206003
0.207621
0.20784
0.209888
0.210272
0.210788
0.211193
0.211706
0.212126
0.212354
0.162618
0.212765
0.213047
0.163203
0.213749
0.21596
0.216353
0.216764
0.21749
0.217874
0.219086
0.219491
0.219647
0.171102
0.22398
0.225318
0.235575
0.187705
0.242148
0.142703
0.0935097
0.0943978
0.0948718
0.196039
0.199492
0.00785217
0.21221
0.212594
0.212919
0.113051
0.11396
0.114828
0.214829
0.216215
0.216629
0.216911
0.21756
0.21827
0.0184444
0.0186094
0.0191224
0.219296
0.0198395
0.120086
0.220242
0.220644
0.220836
0.221037
0.0212467
0.221403
0.221568
0.171742
0.0218979
0.0221439
0.022555
0.022738
0.223185
0.173458
0.174409
0.177106
0.127481
0.177955
0.0293043
0.233315
0.185715
0.13609
0.139408
0.19269
0.146027
0.198301
0.198991
0.0565538
0.207026
0.157365
0.20753
0.108149
0.10906
0.209288
0.211197
0.211371
0.211563
0.21229
0.213322
0.214345
0.214747
0.215158
0.215659
0.216169
0.121683
0.122256
0.224593
0.226129
0.176594
0.177014
0.177344
0.230896
0.184961
0.0909431
0.0913301
0.191741
0.0918972
0.192272
0.194717
0.197612
0.24967
0.112285
0.212894
0.0158557
0.0162877
0.0168097
0.0169567
0.0171577
0.0175598
0.0178418
0.0179978
0.21819
0.0183818
0.0186099
0.219021
0.219423
0.0196059
0.020002
0.220185
0.170875
0.221262
0.221526
0.221874
0.223086
0.223488
0.179596
0.233058
0.185062
0.235428
0.186335
0.189923
0.192449
0.244363
0.199706
0.206713
0.209073
0.209265
0.209604
0.212568
0.214221
0.215316
0.216843
0.217255
0.217603
0.218113
0.220162
0.220582
0.222667
0.22675
0.227611
0.229129
0.229486
0.085504
0.186869
0.190466
0.0937031
0.0946451
0.197324
0.197708
0.199271
0.0121632
0.0133873
0.213579
0.213976
0.113978
0.114149
0.214561
0.264711
0.214726
0.0153796
0.215554
0.0166227
0.0171787
0.217335
0.217617
0.0178178
0.218376
0.0185319
0.218778
0.018997
0.019171
0.219591
0.019783
0.12002
0.220293
0.0209532
0.2211
0.221682
0.223119
0.224538
0.225156
0.17653
0.231999
0.183743
0.184172
0.134511
0.237721
0.239032
0.19136
0.191729
0.241966
0.243061
0.143526
0.19544
0.195824
0.146658
0.198626
0.19901
0.099637
0.206361
0.106709
0.206856
0.207268
0.157803
0.209454
0.209691
0.210195
0.11036
0.260918
0.112094
0.212842
0.263253
0.213454
0.114018
0.214834
0.166487
0.166889
0.217327
0.221194
0.122478
0.122899
0.273265
0.275242
0.176184
0.177648
0.22886
0.179271
0.180708
0.181632
0.231989
0.232607
0.239156
0.191394
0.243533
0.0942681
0.0946791
0.0968091
0.0990652
0.265188
0.215461
0.215845
0.216211
0.116475
0.21673
0.0172608
0.0174618
0.0178098
0.0180108
0.0182838
0.218458
0.218695
0.218851
0.019208
0.019418
0.219574
0.0197391
0.0202971
0.220561
0.220957
0.221185
0.171359
0.0216413
0.0225354
0.179984
0.280344
0.230581
0.231928
0.284949
0.238078
0.0888406
0.189801
0.191526
0.192846
0.193401
0.193983
0.195042
0.198117
0.201326
0.208129
0.208649
0.20885
0.210321
0.210486
0.211044
0.161326
0.212274
0.21252
0.212976
0.314716
0.165127
0.216897
0.217371
0.168169
0.271775
0.222159
0.27392
0.178075
0.230475
0.0868804
0.188677
0.0892145
0.19058
0.0912876
0.194399
0.196637
0.198164
0.212339
0.212594
0.112858
0.213197
0.214486
0.0148881
0.365317
0.0155812
0.0159382
0.0165553
0.0167563
0.0169123
0.0171224
0.217818
0.0183594
0.0186054
0.218908
0.220104
0.220269
0.0204336
0.0208126
0.221215
0.225478
0.22795
0.182195
0.233434
0.0351228
0.235597
0.237214
0.0887859
0.239827
0.190427
0.098101
0.148494
0.198851
0.249739
0.252006
0.254404
0.205907
0.206929
0.207269
0.258038
0.208524
0.258797
0.109437
0.211396
0.214039
0.165188
0.216787
0.221086
0.22147
0.223177
0.224119
0.228382
0.180881
0.234587
0.186036
0.236237
0.187296
0.187716
0.0887567
0.0908148
0.191424
0.0922489
0.24329
0.294268
0.196308
0.196665
0.198714
0.261671
0.212788
0.0147525
0.264939
0.214954
0.0152386
0.0154576
0.0158777
0.266378
0.0165247
0.0173227
0.0177337
0.0181358
0.0183998
0.269096
0.119453
0.019654
0.1699
0.220056
0.220338
0.220557
0.0207581
0.221151
0.124379
0.225591
0.175984
0.277628
0.0283363
0.229134
0.229548
0.229713
0.0307364
0.281354
0.132368
0.23377
0.285027
0.235429
0.235795
0.0862146
0.288273
0.190088
0.240526
0.293574
0.255196
0.206626
0.207277
0.208019
0.258523
0.109468
0.209853
0.310282
0.263843
0.265946
0.216474
0.221358
0.22545
0.225816
0.226191
0.276656
0.277076
0.231141
0.0877801
0.24081
0.243759
0.0941971
0.244824
0.0974312
0.0996782
0.300035
0.21209
0.21393
0.214503
0.264686
0.215026
0.365281
0.26581
0.266167
0.266647
0.267241
0.0176552
0.0178922
0.0181292
0.0189952
0.0198803
0.220273
0.220519
0.270783
0.221149
0.271296
0.221461
0.0220466
0.0223196
0.27253
0.222749
0.222971
0.0235557
0.223703
0.274033
0.0242068
0.0243628
0.274573
0.224846
0.025497
0.025752
0.229823
0.230225
0.0806181
0.233018
0.240647
0.24104
0.0926212
0.243536
0.196773
0.201188
0.207477
0.20775
0.208098
0.209697
0.260459
0.212427
0.262946
0.263799
0.314045
0.214201
0.166034
0.166787
0.269052
0.219832
0.123735
0.27501
0.227428
0.128667
0.229429
0.232162
0.232565
0.183354
0.234224
0.238748
0.0891407
0.0903167
0.240881
0.191508
0.0943759
0.246758
0.247646
0.248057
0.248639
0.199851
0.00887878
0.0114491
0.0120892
0.0127522
0.113275
0.213585
0.263599
0.263884
0.264116
0.21413
0.315592
0.315734
0.215748
0.216006
0.216309
0.216483
0.266675
0.217032
0.217725
0.218171
0.218838
0.0192132
0.0196542
0.2199
0.0201822
0.0204553
0.22107
0.271352
0.221526
0.321946
0.0221831
0.222777
0.223023
0.0234183
0.0241683
0.176835
0.230288
0.18141
0.181803
0.182179
0.284327
0.236331
0.336742
0.0916618
0.192694
0.193798
0.296009
0.29642
0.197659
0.099519
0.199867
0.156729
0.20825
0.158424
0.208571
0.209073
0.259221
0.209596
0.209842
0.210523
0.260973
0.211246
0.211576
0.261906
0.214411
0.216667
0.267036
0.217228
0.218476
0.171155
0.22639
0.227692
0.1784
0.129513
0.232228
0.184574
0.0865874
0.0911025
0.191766
0.142384
0.0940096
0.194574
0.295105
0.0953057
0.0982458
0.206203
0.212162
0.312456
0.413104
0.213119
0.213626
0.21383
0.0140039
0.214424
0.215411
0.0158131
0.0159961
0.0164912
0.0167642
0.0169652
0.0173432
0.0175083
0.0177903
0.318036
0.0183093
0.218573
0.21872
0.0193624
0.269719
0.220508
0.221298
0.221718
0.273662
0.22491
0.225285
0.0256151
0.226269
0.226671
0.22863
0.230508
0.230928
0.181348
0.231741
0.0829445
0.234706
0.235234
0.2856
0.186767
0.190274
0.0933668
0.0465409
0.198554
0.199694
0.205502
0.205983
0.20706
0.157288
0.207966
0.20835
0.208524
0.209038
0.209212
0.209744
0.21147
0.262403
0.214182
0.215941
0.216325
0.16649
0.219097
0.21949
0.221449
0.173084
0.226175
0.176421
0.231125
0.232076
0.135295
0.189603
0.0911843
0.192954
0.246893
0.0972954
0.198427
0.111447
0.262712
0.212925
0.0140436
0.0144847
0.0146677
0.215753
0.0160748
0.0162938
0.0166538
0.0168369
0.0178261
0.0179731
0.218138
0.21848
0.0189001
0.0192841
0.219749
0.119896
0.220079
0.220343
0.220745
0.22382
0.22424
0.22548
0.226694
0.18084
0.0319616
0.186918
0.237293
0.187644
0.237917
0.18849
0.189252
0.240725
0.191019
0.192618
0.193191
0.243539
0.196839
0.0475652
0.198579
0.202695
0.206157
0.106611
0.207116
0.207566
0.157713
0.259387
0.159981
0.210392
0.261739
0.215192
0.215801
0.216581
0.218963
0.1695
0.223106
0.224003
0.280102
0.281134
0.232544
0.190047
0.0930685
0.24339
0.0964736
0.249567
0.111038
0.26105
0.212145
0.213285
0.113579
0.314146
0.264148
0.214161
0.214575
0.0154022
0.215567
0.0162543
0.0164373
0.0169593
0.0171424
0.0173074
0.0175354
0.217727
0.0181114
0.0185044
0.218777
0.0190145
0.319336
0.219894
0.0201486
0.220461
0.223536
0.225126
0.0255187
0.127433
0.328341
0.228734
0.232286
0.23348
0.234053
0.193878
0.197313
0.248075
0.198459
0.203557
0.254147
0.207284
0.210193
0.210403
0.21085
0.212197
0.228238
0.228916
0.279108
0.279273
0.232483
0.187511
0.242116
0.243715
0.247375
0.0986145
0.0992236
0.112302
0.112984
0.0134817
0.0139817
0.214165
0.11451
0.264522
0.0148908
0.0151368
0.0157768
0.366174
0.0165659
0.0167489
0.016995
0.018049
0.218884
0.0190761
0.219478
0.219799
0.320009
0.0212453
0.322133
0.222904
0.223252
0.224392
0.225433
0.0265195
0.228551
0.229331
0.230725
0.231235
0.233815
0.285297
0.285681
0.237037
0.23941
0.239821
0.240304
0.341048
0.0921431
0.292959
0.243316
0.294123
0.0974862
0.148842
0.20668
0.206863
0.207259
0.20767
0.208432
0.261454
0.214997
0.216704
0.218267
0.368885
0.219314
0.221678
0.3722
0.322347
0.272758
0.123133
0.173472
0.224021
0.224186
0.225002
0.325926
0.229155
0.279926
0.280823
0.281237
0.231438
0.231912
0.233106
0.23538
0.240552
0.345841
0.296219
0.246567
0.346732
0.197359
0.24777
0.109951
0.110867
0.211823
0.111824
0.112366
0.31238
0.362629
0.114077
0.264091
0.364254
0.0146464
0.0149524
0.265709
0.265874
0.0160566
0.0167077
0.0168907
0.0172417
0.0174427
0.0175898
0.0186008
0.168935
0.0191539
0.0196899
0.370131
0.020413
0.270569
0.220842
0.221496
0.221826
0.222201
0.229512
0.179932
0.183829
0.386445
0.438359
0.189211
0.189559
0.189925
0.290399
0.0907294
0.147368
0.356935
0.40753
0.207878
0.20819
0.259177
0.212222
0.163695
0.214079
0.264733
0.167034
0.217355
0.167721
0.218267
0.219272
0.319656
0.22103
0.271639
0.222005
0.272426
0.272981
0.223941
0.276512
0.226896
0.380322
0.282263
0.0842038
0.235578
0.236637
0.237867
0.23826
0.33931
0.240639
0.243813
0.0945661
0.144941
0.0960632
0.196474
0.0969392
0.0974673
0.29804
0.248442
0.10005
0.310798
0.312038
0.362053
0.112221
0.312377
0.262707
0.312719
0.31344
0.31416
0.0161921
0.0165311
0.0168472
0.0173152
0.0177172
0.0178732
0.218234
0.318635
0.0188813
0.0190373
0.0192653
0.0196584
0.219904
0.320168
0.220315
0.0205975
0.324342
0.225689
0.226262
0.226619
0.128875
0.279214
0.0307048
0.0837618
0.234101
0.235504
0.13605
0.0392689
0.339599
0.14199
0.09277
0.246565
0.346922
0.0986381
0.149193
0.251319
0.405042
0.2556
0.206932
0.209209
0.209539
0.209881
0.210292
0.210667
0.210886
0.215764
0.118524
0.170033
0.220579
0.221521
0.221878
0.222391
0.372646
0.123103
0.17652
0.178767
0.229115
0.283783
0.28486
0.236135
0.237554
0.187947
0.23843
0.291532
0.291898
0.0932631
0.193638
0.243986
0.194352
0.344772
0.0957143
0.196359
0.0970133
0.19854
0.0997615
0.201026
0.205872
0.210287
0.110974
0.311358
0.0119708
0.0130118
0.0151841
0.265367
0.216583
0.266784
0.217419
0.0178327
0.217847
0.168015
0.0184263
0.0190594
0.0192154
0.219461
0.219717
0.0199085
0.170056
0.0202476
0.0205026
0.0208866
0.0210787
0.271307
0.0214717
0.221811
0.321976
0.272123
0.222597
0.274772
0.125453
0.125783
0.226545
0.126929
0.278708
0.229515
0.280565
0.231129
0.232377
0.332779
0.183181
0.185077
0.285488
0.136808
0.287373
0.338125
0.188509
0.339451
0.19159
0.143738
0.194311
0.197179
0.206044
0.207166
0.207586
0.207814
0.208207
0.20896
0.0601701
0.210554
0.211505
0.213446
0.213974
0.214574
0.215714
0.266062
0.366617
0.217019
0.367421
0.218831
0.220449
0.174388
0.227346
0.378378
0.233181
0.186022
0.191824
0.192847
0.3454
0.097494
0.399561
0.20842
0.209111
0.211127
0.111791
0.212263
0.113458
0.213832
0.114813
0.214978
0.0154764
0.0156504
0.0158514
0.0162204
0.0165775
0.216947
0.217157
0.0174776
0.16767
0.0178257
0.0182218
0.218432
0.218816
0.219273
0.22056
0.221136
0.2214
0.021814
0.0220151
0.222309
0.172465
0.0227201
0.172907
0.222921
0.17338
0.223719
0.0254953
0.177535
0.13097
0.231939
0.232503
0.184562
0.184991
0.195421
0.198973
0.204889
0.205045
0.207104
0.207497
0.207662
0.20977
0.160523
0.21088
0.211126
0.211555
0.21211
0.213931
0.216556
0.217102
0.21781
0.168329
0.220108
0.170492
0.220885
0.222781
0.223192
0.225214
0.180827
0.0839294
0.184502
0.0858945
0.237161
0.188661
0.189882
0.0910576
0.191478
0.0920687
0.0974298
0.208321
0.210643
0.212536
0.21471
0.264879
0.114893
0.215106
0.215253
0.215628
0.21582
0.216021
0.216186
0.216579
0.216861
0.217053
0.0172095
0.21763
0.0181516
0.0184066
0.0189827
0.0191477
0.0192947
0.0195317
0.0197867
0.0200597
0.220234
0.170672
0.0208998
0.0211728
0.221863
0.172319
0.124647
0.179891
0.082012
0.0329361
0.23476
0.137007
0.193348
0.193858
0.044215
0.245049
0.196522
0.197617
0.197965
0.198916
0.199516
0.205041
0.20538
0.207125
0.10714
0.207299
0.207491
0.207737
0.20804
0.209248
0.209476
0.209878
0.261255
0.0623023
0.218293
0.16901
0.0699614
0.521002
0.225778
0.227072
0.177618
0.233159
0.191364
0.19272
0.194634
0.245333
0.259985
0.260476
0.110671
0.263776
0.264115
0.214275
0.0151173
0.0156394
0.116356
0.0165125
0.0171345
0.0176746
0.0187036
0.0190546
0.0196337
0.0199157
0.17009
0.220291
0.170555
0.0207828
0.0211128
0.171368
0.171641
0.222619
0.123012
0.174062
0.174419
0.174929
0.175331
0.175679
0.176054
0.1775
0.227869
0.228106
0.17849
0.17909
0.229807
0.181064
0.182727
0.184965
0.18696
0.237767
0.0884297
0.288823
0.189162
0.240779
0.191307
0.191754
0.193137
0.193953
0.195314
0.245328
0.255216
0.255363
0.20747
0.220405
0.220861
0.221227
0.276993
0.128979
0.179372
0.281961
0.289212
0.239623
0.190916
0.0997239
0.108955
0.309454
0.0121272
0.213273
0.31356
0.0144335
0.0149375
0.0153125
0.0156246
0.0158886
0.116552
0.0175027
0.317713
0.117914
0.118124
0.318406
0.0185889
0.218817
0.319
0.019228
0.019393
0.019549
0.123971
0.0255161
0.226242
0.176797
0.177145
0.227718
0.179938
0.180277
0.183451
0.186895
0.187765
0.18814
0.239317
0.189737
0.190382
0.190775
0.191321
0.0916597
0.143025
0.243445
0.146592
0.255358
0.156882
0.207266
0.207999
0.209246
0.209808
0.21012
0.210513
0.26075
0.210942
0.161197
0.26427
0.218395
0.368707
0.219181
0.369583
0.270966
0.171386
0.272832
0.275943
0.276354
0.176765
0.127158
0.227533
0.228065
0.228284
0.18234
0.233183
0.28516
0.28558
0.0865578
0.187131
0.0877399
0.190122
0.290614
0.192555
0.193002
0.194727
0.0962542
0.197754
0.248444
0.299512
0.210832
0.213187
0.113382
0.313397
0.263632
0.213646
0.214576
0.315254
0.216013
0.0168862
0.217297
0.317489
0.0180383
0.0182753
0.0187343
0.0188993
0.319127
0.0192834
0.319493
0.0197035
0.220097
0.0203155
0.0205435
0.170808
0.0210266
0.121309
0.0219236
0.172455
0.222839
0.223004
0.223352
0.174276
0.224876
0.175269
0.178155
0.083435
0.187077
0.237524
0.188214
0.188769
0.190062
0.290455
0.191784
0.142492
0.193506
0.143938
0.194202
0.245621
0.197508
0.247919
0.14878
0.249426
0.203747
0.209612
0.209831
0.360059
0.210225
0.211281
0.361491
0.211647
0.211794
0.212142
0.212388
0.217722
0.171337
0.22299
0.173671
0.125801
0.176779
0.227487
0.229086
0.185671
0.386055
0.186475
0.188596
0.189646
0.192559
0.392934
0.243273
0.194017
0.294761
0.245139
0.19534
0.196039
0.0966665
0.0970325
0.198353
0.1988
0.0991747
0.209925
0.210581
0.114871
0.015129
0.015468
0.215696
0.215933
0.216093
0.166462
0.216476
0.0167522
0.0169712
0.217172
0.218133
0.168727
0.0189404
0.0193244
0.219588
0.219825
0.220045
0.0202996
0.0206296
0.0208126
0.171077
0.0215867
0.0217427
0.221944
0.0279167
0.178319
0.23543
0.185778
0.186189
0.041091
0.193005
0.0934071
0.197967
0.200007
0.209981
0.210392
0.210548
0.210704
0.160887
0.211307
0.21158
0.211799
0.212147
0.212585
0.162996
0.214073
0.215879
0.216282
0.167692
0.222729
0.224148
0.231885
0.183322
0.185875
0.236286
0.189424
0.239826
0.0911099
0.192115
0.242967
0.095133
0.19558
0.0994201
0.0997982