RTT
0.0223855
0.0236147
0.0236276
0.0379007
0.0379047
0.0379075
0.0379136
0.0386154
0.0386182
0.0386286
0.0392857
0.0392888
0.0392986
0.0400008
0.0400038
0.0400065
0.0400137
0.0406978
0.0407009
0.0407107
0.0413408
0.0413537
0.0416177
0.0416297
0.0422727
0.00158118
0.00954362
0.0114408
0.0116238
0.0122178
0.0132469
0.0134659
0.0140689
0.00558039
0.0060814
0.00635441
0.00689642
0.00707043
0.00722644
0.00739145
0.00789551
0.00519843
0.00557444
0.00694652
0.00762964
0.00881769
0.0089647
0.00921972
0.0128767
0.00411032
0.00432933
0.00516834
0.00540535
0.00579837
0.00604438
0.00680439
0.00834047
0.00741739
0.0075644
0.00781041
0.00806542
0.00832043
0.00856645
0.00880346
0.00898647
0.00137808
0.00555541
0.00638946
0.00692048
0.0070945
0.00731351
0.00759552
0.00833658
0.00542036
0.00566637
0.00589438
0.00606839
0.00745752
0.00766754
0.00805155
0.00822557
0.00569241
0.00584842
0.00607643
0.00725246
0.00741747
0.00781949
0.00841351
0.00896252
0.00455786
0.00493187
0.0054449
0.00616391
0.00636492
0.00667694
0.00694996
0.00722297
0.00124208
0.006094
0.00634901
0.00655002
0.00671503
0.00798609
0.00818711
0.00840612
1.01035
0.00266739
0.00584954
0.00600555
0.00647056
0.00811465
0.00862366
0.00885167
0.0104297
0.00168484
0.00635813
0.00650514
0.00667915
0.00809721
0.00837923
0.00860724
0.00880825
0.000776066
0.00536741
0.00564043
0.00600644
0.00644945
0.00750846
0.00832453
0.00853454
0.00349234
0.00595744
0.00661947
0.00738149
0.0076365
0.00788251
0.00922358
0.00946959
0.00102909
0.00599735
0.00627936
0.00649836
0.00766139
0.00825143
0.00840744
0.00931949
0.0065764
0.00695246
0.00719847
0.00744448
0.00766349
0.00781051
0.00803852
0.00876154
0.00514938
0.00537739
0.0055334
0.00571641
0.00691247
0.00713148
0.00760449
0.0077515
0.00341524
0.00756347
0.00775548
0.00801949
0.0082025
0.00838551
0.00857753
0.00873354
0.00465843
0.00509645
0.00672651
0.00688252
0.00703854
0.00757859
0.0080356
0.00828161
0.00156611
0.00511038
0.0054764
0.00626845
0.00717648
0.00743149
0.0077045
0.00795951
0.00515439
0.0053014
0.00550241
0.00593444
0.00712752
0.00757758
0.00782359
0.00860561
0.00537827
0.00683033
0.00703134
0.00721435
0.00746936
0.00785338
0.00828239
0.00909445
0.00551728
0.00568229
0.00694242
0.00716143
0.00750044
0.00777345
0.00797447
0.00859549
0.00121209
0.00761169
0.00801871
0.00821072
0.00840273
0.00863074
0.00908075
0.00932677
0.0031502
0.00579736
0.0071764
0.00735042
0.00758743
0.00785144
0.00813345
0.00838846
0.00539636
0.00588837
0.00629939
0.00762451
0.00787052
0.00812553
0.00829954
0.00858155
0.00571543
0.00590744
0.00606345
0.00625547
0.00640248
0.0066805
0.00709453
0.00747854
0.00492142
0.00509543
0.00527845
0.00543446
0.00668647
0.00689648
0.00734349
0.0075985
0.00560036
0.00576537
0.00598438
0.00624839
0.00645841
0.00757047
0.00839549
0.0085875
0.00386532
0.00637241
0.00663642
0.00682843
0.00702044
0.00718546
0.00741347
0.00762348
0.00587338
0.0070895
0.00727251
0.00742852
0.00764754
0.00781255
0.00804056
0.00818757
0.00563731
0.00591032
0.00632134
0.00657635
0.0073894
0.00795342
0.00852943
0.00925245
0.00307821
0.00625535
0.00743746
0.00767447
0.00782148
0.00809449
0.0083675
0.00862252
0.0051744
0.00568743
0.00808357
0.0084766
0.00871361
0.00895962
0.00911563
0.00931664
0.00272721
0.00647141
0.00671742
0.00741944
0.00776746
0.00800447
0.00822349
0.0084785
0.00429528
0.00556331
0.00596533
0.00624734
0.00767841
0.00791542
0.00817044
0.00836245
0.00483031
0.00508533
0.00530434
0.00552335
0.00570636
0.00637241
0.00663642
0.00813444
0.00526836
0.00696842
0.00716043
0.00770648
0.0082465
0.00839351
0.00854953
0.00933858
0.00747252
0.00771853
0.00788355
0.00812056
0.00834857
0.00849558
0.00875059
0.00927265
0.00606042
0.00639944
0.00663646
0.00683746
0.00704748
0.00756949
0.0077615
0.00802551
0.00610351
0.00631351
0.00646953
0.00667054
0.00704556
0.00746557
0.00766658
0.00782259
0.0034203
0.00378931
0.00408333
0.00464135
0.00718952
0.00744453
0.00763654
0.00786455
0.00290419
0.00774642
0.00798344
0.00826545
0.00843946
0.00901551
0.00927952
0.00955253
0.00503636
0.00526437
0.00548338
0.0074865
0.00765151
0.00793352
0.00816152
0.00833553
0.00242021
0.00602542
0.00628043
0.00669144
0.00689246
0.00710247
0.00792052
0.00943555
0.00188813
0.00514937
0.0059264
0.00796349
0.00869659
0.00896961
0.00931762
0.00992068
0.00386141
0.00453946
0.00487048
0.00517349
0.0054105
0.00754559
0.0078186
0.00801962
0.00607447
0.00643249
0.0066155
0.00708051
0.00724552
0.00741953
0.00797761
0.00817863
0.00170312
0.00628339
0.0067034
0.00693141
0.00714142
0.00758943
0.00775444
0.00927851
0.00265519
0.00717652
0.00740453
0.00765954
0.00792355
0.00811556
0.00853859
0.0087216
0.00595394
0.00633796
0.00657497
0.00680298
0.00697699
0.00756802
0.00837803
0.00862404
0.00323926
0.00588945
0.00734853
0.00758555
0.00778655
0.00794257
0.00810758
0.00833559
0.00210977
0.00343086
0.00613606
0.00655607
0.00805212
0.00865813
0.0095012
0.00967521
0.00140832
0.00485857
0.0057636
0.00602762
0.00672867
0.00737372
0.00778473
0.00826179
0.00590038
0.00612839
0.00675544
0.00722045
0.00743946
0.00794048
0.00815949
0.0083605
0.00699838
0.00723539
0.0074634
0.00770042
0.00786543
0.00812044
0.00831245
0.00857646
0.00547337
0.00588439
0.00604941
0.00626842
0.00655043
0.00698944
0.00713645
0.00793147
0.0066624
0.00707341
0.00732842
0.00747544
0.00767644
0.00788645
0.00808747
0.00923852
0.00155109
0.00599447
0.00615947
0.00638749
0.0071375
0.00741951
0.00764752
0.00791153
0.0013341
0.00716845
0.00736047
0.00777148
0.00805349
0.00833551
0.00856352
0.00874653
0.00625838
0.00641439
0.0066424
0.00726346
0.00749147
0.00773748
0.0079385
0.0080945
0.00266821
0.00286922
0.00321723
0.00340024
0.0065664
0.00803243
0.00826044
0.00845245
0.00582241
0.00619047
0.00679952
0.00701853
0.00730054
0.00751056
0.00771157
0.00793058
0.00543539
0.00563639
0.00623945
0.00705549
0.0072205
0.00748451
0.00773952
0.00796753
0.00691646
0.00711747
0.00738149
0.0075735
0.00772951
0.00787651
0.00833153
0.00855054
0.00125009
0.00360033
0.00376533
0.00663645
0.00686446
0.00755152
0.00827662
0.00845063
0.00252414
0.00523829
0.00696339
0.0072364
0.00762942
0.00903749
0.0092925
0.00946651
0.00596536
0.00634937
0.00727044
0.00769545
0.00786046
0.00836448
0.00871251
0.00912353
0.00259617
0.0056664
0.00584941
0.00856357
0.00883659
0.0090826
0.00934661
0.00949362
0.00627237
0.00643738
0.00660239
0.00685741
0.00709442
0.00753143
0.00774144
0.00796945
0.00641846
0.00697847
0.00721549
0.0074165
0.00759051
0.00810952
0.00830153
0.00855654
0.00258419
0.00757355
0.00783756
0.00808357
0.00829357
0.00844958
0.0086506
0.00881561
0.00587138
0.00605439
0.0063274
0.00657341
0.00680142
0.00750847
0.00772749
0.00800951
0.00582138
0.00597739
0.0062504
0.00649641
0.00871747
0.00897248
0.00914649
0.0093295
0.00169914
0.00545539
0.0056564
0.00608842
0.00664645
0.00687446
0.00714747
0.00765153
0.00461831
0.00480132
0.00497534
0.00535035
0.0078635
0.00803751
0.00825653
0.00851154
0.00524939
0.0054324
0.00644543
0.00666444
0.00684746
0.00706647
0.00761549
0.0077895
0.00320326
0.00633843
0.00653045
0.00674046
0.00689647
0.00723547
0.00741848
0.00775751
0.00480244
0.00746663
0.00780569
0.0080247
0.0085377
0.00877471
0.00897573
0.00914074